>AHR_HUMAN.H11MO.0.B	AHR
1 0.09724491635806332 0.2662337662337662 0.11688311688311688 0.36363636363636365 0.2532467532467532
2 0.5303212740841179 0.07142857142857142 0.07792207792207792 0.22727272727272727 0.6233766233766234
3 0.16820780001345148 0.14285714285714285 0.2857142857142857 0.13636363636363635 0.43506493506493504
4 1.6323645833222802 0.01948051948051948 0.006493506493506494 0.948051948051948 0.025974025974025976
5 1.787257638359528 0.006493506493506494 0.974025974025974 0.006493506493506494 0.012987012987012988
6 1.7488692843117581 0.01948051948051948 0.006493506493506494 0.9675324675324676 0.006493506493506494
7 1.8051465182437063 0.0 0.01948051948051948 0.006493506493506494 0.974025974025974
8 2.0 0.0 0.0 1.0 0.0
9 0.1771309789835005 0.2792207792207792 0.43506493506493504 0.1038961038961039 0.18181818181818182
>AIRE_HUMAN.H11MO.0.C	AIRE
1 0.1105629537338162 0.3902439024390244 0.2682926829268293 0.12195121951219512 0.21951219512195122
2 0.16001867244911283 0.1951219512195122 0.1951219512195122 0.14634146341463414 0.4634146341463415
3 0.23411179750405875 0.14634146341463414 0.14634146341463414 0.1951219512195122 0.5121951219512195
4 1.3466476918230557 0.04878048780487805 0.0 0.8780487804878049 0.07317073170731707
5 1.287935945109452 0.0 0.0 0.8048780487804879 0.1951219512195122
6 0.6961582656307532 0.3170731707317073 0.04878048780487805 0.024390243902439025 0.6097560975609756
7 0.5068031636196539 0.3902439024390244 0.0975609756097561 0.024390243902439025 0.4878048780487805
8 0.12844501615235804 0.36585365853658536 0.14634146341463414 0.14634146341463414 0.34146341463414637
9 0.2674792500467573 0.34146341463414637 0.07317073170731707 0.14634146341463414 0.43902439024390244
10 0.27580706444422187 0.5121951219512195 0.0975609756097561 0.14634146341463414 0.24390243902439024
11 0.47643456611144597 0.3902439024390244 0.04878048780487805 0.07317073170731707 0.4878048780487805
12 0.37015317852295304 0.21951219512195122 0.14634146341463414 0.07317073170731707 0.5609756097560976
13 1.3770162893312639 0.0 0.024390243902439025 0.8780487804878049 0.0975609756097561
14 1.834572966003733 0.0 0.0 0.975609756097561 0.024390243902439025
15 0.17433228776767384 0.21951219512195122 0.0975609756097561 0.24390243902439024 0.43902439024390244
16 0.3220183151912821 0.07317073170731707 0.1951219512195122 0.1951219512195122 0.5365853658536586
17 0.3818014932963707 0.43902439024390244 0.024390243902439025 0.17073170731707318 0.36585365853658536
18 0.15634899829037607 0.4146341463414634 0.2682926829268293 0.0975609756097561 0.21951219512195122
>ALX1_HUMAN.H11MO.0.B	ALX1
1 0.19314663849366864 0.45161290322580644 0.1935483870967742 0.25806451612903225 0.0967741935483871
2 1.2060075661883463 0.06451612903225806 0.0967741935483871 0.0 0.8387096774193549
3 0.902219012891663 0.7741935483870968 0.03225806451612903 0.0967741935483871 0.0967741935483871
4 1.3161895785942104 0.8709677419354839 0.06451612903225806 0.0 0.06451612903225806
5 1.5413141837994597 0.0 0.0967741935483871 0.0 0.9032258064516129
6 0.5413555350915555 0.03225806451612903 0.22580645161290322 0.12903225806451613 0.6129032258064516
7 1.0007507520043435 0.4838709677419355 0.0 0.5161290322580645 0.0
8 0.27507774154927134 0.3548387096774194 0.25806451612903225 0.3548387096774194 0.03225806451612903
9 1.0069000612089707 0.7741935483870968 0.0 0.12903225806451613 0.0967741935483871
10 1.3405407883414189 0.0967741935483871 0.0 0.03225806451612903 0.8709677419354839
11 1.2516734495619521 0.06451612903225806 0.03225806451612903 0.03225806451612903 0.8709677419354839
12 0.9843973910443544 0.8064516129032258 0.06451612903225806 0.06451612903225806 0.06451612903225806
>ANDR_HUMAN.H11MO.0.A	AR
1 0.8339981477845138 0.14829659318637275 0.07014028056112225 0.036072144288577156 0.7454909819639278
2 0.9040323394385557 0.06212424849699399 0.04809619238476954 0.7775551102204409 0.11222444889779559
3 1.1932178527416895 0.06813627254509018 0.06613226452905811 0.014028056112224449 0.8517034068136272
4 0.20398060241292004 0.18837675350701402 0.17234468937875752 0.14428857715430862 0.49498997995991983
5 0.7981820876392149 0.0781563126252505 0.7334669338677354 0.036072144288577156 0.1523046092184369
6 0.49250693939485646 0.12224448897795591 0.2785571142284569 0.03206412825651302 0.5671342685370742
7 0.1995012482077816 0.18036072144288579 0.1342685370741483 0.1963927855711423 0.48897795591182364
8 0.08768039178926457 0.19839679358717435 0.17835671342685372 0.21643286573146292 0.40681362725450904
9 0.09109460275163705 0.17635270541082165 0.19238476953907815 0.22244488977955912 0.4088176352705411
10 0.1392101740839813 0.20040080160320642 0.2565130260521042 0.12024048096192384 0.4228456913827655
11 1.4165968462849934 0.07214428857715431 0.014028056112224449 0.014028056112224449 0.8997995991983968
12 0.8481099956396034 0.2545090180360721 0.03006012024048096 0.6913827655310621 0.02404809619238477
13 1.523435015508198 0.028056112224448898 0.022044088176352707 0.02004008016032064 0.9298597194388778
14 1.357267776190001 0.018036072144288578 0.006012024048096192 0.09819639278557114 0.8777555110220441
15 1.523354110147585 0.008016032064128256 0.008016032064128256 0.06412825651302605 0.9198396793587175
16 0.5945131562613775 0.42084168336673344 0.028056112224448898 0.49498997995991983 0.056112224448897796
17 0.4674081429908341 0.08617234468937876 0.5250501002004008 0.04809619238476954 0.3406813627254509
18 0.3319098958501452 0.2905811623246493 0.15831663326653306 0.05410821643286573 0.4969939879759519
>AP2A_HUMAN.H11MO.0.A	TFAP2A
1 0.09340505459277315 0.414 0.186 0.194 0.206
2 0.3268157380998944 0.232 0.092 0.134 0.542
3 0.21809167707205757 0.176 0.096 0.47 0.258
4 0.7405989055070574 0.01 0.52 0.432 0.038
5 2.0 0.0 1.0 0.0 0.0
6 1.5310044064107187 0.0 0.9 0.0 0.1
7 1.1138116794048791 0.05 0.112 0.014 0.824
8 1.25392763280652 0.002 0.0 0.796 0.202
9 0.715647607731368 0.536 0.038 0.41 0.016
10 1.3901755466669594 0.142 0.0 0.856 0.002
11 2.0 0.0 0.0 1.0 0.0
12 0.6929702829725588 0.048 0.556 0.38 0.016
13 0.1505956649402138 0.308 0.382 0.092 0.218
14 0.261794402740676 0.512 0.094 0.204 0.19
15 0.09711404698465786 0.238 0.15 0.208 0.404
>AP2B_HUMAN.H11MO.0.B	TFAP2B
1 1.1111142238158727 0.03571428571428571 0.0 0.7857142857142857 0.17857142857142858
2 0.7449672916041217 0.0 0.6428571428571429 0.25 0.10714285714285714
3 1.777715169314312 0.0 0.9642857142857143 0.0 0.03571428571428571
4 0.6670812391975487 0.10714285714285714 0.5714285714285714 0.0 0.32142857142857145
5 1.410373818812686 0.07142857142857142 0.03571428571428571 0.8928571428571429 0.0
6 0.4168568984722263 0.32142857142857145 0.32142857142857145 0.35714285714285715 0.0
7 1.1940415071319583 0.07142857142857142 0.03571428571428571 0.8571428571428571 0.03571428571428571
8 2.0 0.0 0.0 1.0 0.0
9 0.6596147469434102 0.17857142857142858 0.10714285714285714 0.6785714285714286 0.03571428571428571
10 0.15463425542623543 0.21428571428571427 0.42857142857142855 0.25 0.10714285714285714
>AP2C_HUMAN.H11MO.0.A	TFAP2C
1 0.09386715341264362 0.386 0.202 0.27 0.142
2 0.24216675116170894 0.196 0.124 0.166 0.514
3 0.2642560380272734 0.184 0.1 0.518 0.198
4 0.8484568143895503 0.01 0.506 0.472 0.012
5 1.8952025401435744 0.004 0.988 0.008 0.0
6 1.6982972172271162 0.002 0.952 0.002 0.044
7 0.9949304243566841 0.05 0.132 0.026 0.792
8 1.5011218853212522 0.036 0.0 0.916 0.048
9 0.8328232307475258 0.554 0.026 0.416 0.004
10 1.5987313786628925 0.074 0.0 0.924 0.002
11 1.979185928664499 0.0 0.0 0.998 0.002
12 0.8205109145000602 0.028 0.618 0.342 0.012
13 0.12385871202177978 0.314 0.35 0.098 0.238
14 0.12303344326344301 0.428 0.17 0.242 0.16
>ARI5B_HUMAN.H11MO.0.C	ARID5B
1 0.09138730112728766 0.2 0.13333333333333333 0.3333333333333333 0.3333333333333333
2 0.11075357149084208 0.13333333333333333 0.26666666666666666 0.4 0.2
3 0.5434352378690459 0.0 0.26666666666666666 0.2 0.5333333333333333
4 0.6004187693539353 0.0 0.13333333333333333 0.3333333333333333 0.5333333333333333
5 0.17439480098305626 0.3333333333333333 0.06666666666666667 0.3333333333333333 0.26666666666666666
6 0.6247206344606206 0.2 0.06666666666666667 0.6666666666666666 0.06666666666666667
7 2.0 0.0 0.0 0.0 1.0
8 1.4334904934470947 0.8666666666666667 0.0 0.13333333333333333 0.0
9 1.4334904934470947 0.0 0.13333333333333333 0.0 0.8666666666666667
10 1.3001571601137614 0.0 0.06666666666666667 0.06666666666666667 0.8666666666666667
11 0.3597760710581479 0.13333333333333333 0.26666666666666666 0.5333333333333333 0.06666666666666667
12 0.3597760710581479 0.13333333333333333 0.06666666666666667 0.26666666666666666 0.5333333333333333
13 0.11075357149084208 0.26666666666666666 0.13333333333333333 0.4 0.2
>ARNT_HUMAN.H11MO.0.B	ARNT
1 0.1590077561654768 0.152 0.284 0.43 0.134
2 0.355701941792534 0.138 0.074 0.242 0.546
3 0.8710282057834435 0.702 0.03 0.246 0.022
4 1.6568407200378306 0.01 0.948 0.002 0.04
5 1.905497358159542 0.006 0.002 0.99 0.002
6 1.979185928664499 0.0 0.0 0.002 0.998
7 1.92628823024602 0.0 0.006 0.992 0.002
8 0.5322186572047074 0.356 0.526 0.024 0.094
9 0.21825614485085332 0.154 0.502 0.144 0.2
>ASCL1_HUMAN.H11MO.0.A	ASCL1
1 0.12080069037652952 0.18958333333333333 0.4375 0.175 0.19791666666666666
2 0.06857561304249993 0.21875 0.24583333333333332 0.16041666666666668 0.375
3 0.16408569562864117 0.22083333333333333 0.25416666666666665 0.4270833333333333 0.09791666666666667
4 1.8369398170368654 0.00625 0.98125 0.004166666666666667 0.008333333333333333
5 1.8513077273540317 0.98125 0.004166666666666667 0.0 0.014583333333333334
6 0.8756931415025502 0.00625 0.6145833333333334 0.35833333333333334 0.020833333333333332
7 1.825552332224787 0.008333333333333333 0.9791666666666666 0.0020833333333333333 0.010416666666666666
8 1.887410029345179 0.008333333333333333 0.0020833333333333333 0.0020833333333333333 0.9875
9 1.8124776819417208 0.004166666666666667 0.004166666666666667 0.9770833333333333 0.014583333333333334
10 0.9872388750280372 0.008333333333333333 0.78125 0.08333333333333333 0.12708333333333333
11 0.6309178485644986 0.08125 0.42083333333333334 0.00625 0.49166666666666664
12 0.12901740007327156 0.10208333333333333 0.3854166666666667 0.275 0.2375
13 0.269763617683314 0.13125 0.49166666666666664 0.09791666666666667 0.2791666666666667
14 0.11581956132006521 0.16666666666666666 0.40625 0.15208333333333332 0.275
>ATF1_HUMAN.H11MO.0.B	ATF1
1 0.07260168002826672 0.288 0.36 0.158 0.194
2 0.15157198194100707 0.358 0.114 0.362 0.166
3 0.47221546607995823 0.352 0.106 0.51 0.032
4 1.6139991789657797 0.018 0.006 0.032 0.944
5 1.6487987188796576 0.02 0.01 0.952 0.018
6 1.6179097032834673 0.946 0.01 0.016 0.028
7 1.0904173507426143 0.032 0.83 0.054 0.084
8 1.3079229430792645 0.024 0.016 0.876 0.084
9 0.6413812069533755 0.078 0.318 0.016 0.588
10 0.23092144425097927 0.288 0.466 0.144 0.102
11 0.28151105066151905 0.536 0.114 0.186 0.164
>ATF2_HUMAN.H11MO.0.B	ATF2
1 0.26660361969646873 0.316 0.088 0.464 0.132
2 0.37794756662489104 0.424 0.166 0.384 0.026
3 1.6029279658592 0.02 0.024 0.012 0.944
4 1.5826513318860747 0.016 0.014 0.94 0.03
5 1.4370298274648508 0.904 0.012 0.014 0.07
6 0.2741354494645276 0.034 0.362 0.248 0.356
7 1.5768388855934656 0.002 0.042 0.934 0.022
8 0.9293313840116286 0.126 0.072 0.026 0.776
9 0.9710694570072851 0.158 0.776 0.036 0.03
10 1.2824651613312104 0.876 0.018 0.064 0.042
11 0.29972933926756307 0.062 0.254 0.184 0.5
>ATF3_HUMAN.H11MO.0.A	ATF3
1 0.4027179387796238 0.222 0.09 0.58 0.108
2 0.9572208303782042 0.256 0.028 0.71 0.006
3 1.5531731839383718 0.018 0.042 0.008 0.932
4 0.8963011513818446 0.01 0.478 0.508 0.004
5 1.5961807451263204 0.94 0.024 0.004 0.032
6 1.1484295152570108 0.002 0.814 0.042 0.142
7 1.5093623837996715 0.038 0.018 0.926 0.018
8 0.9948914364785 0.028 0.224 0.008 0.74
9 0.4159569146264728 0.266 0.164 0.536 0.034
10 0.4371602607823606 0.576 0.104 0.252 0.068
11 0.11845524737888802 0.094 0.296 0.276 0.334
>ATF4_HUMAN.H11MO.0.A	ATF4
1 0.2686928727664517 0.398 0.064 0.382 0.156
2 0.07822683063370395 0.236 0.186 0.394 0.184
3 0.5974086199702322 0.534 0.33 0.136 0.0
4 1.9583776396777215 0.002 0.002 0.0 0.996
5 1.8288749508855244 0.0 0.006 0.978 0.016
6 1.8288499515136327 0.98 0.006 0.01 0.004
7 1.6527157768208183 0.0 0.052 0.006 0.942
8 1.9470849196551523 0.0 0.006 0.994 0.0
9 1.0701961102935496 0.102 0.802 0.002 0.094
10 1.9470849196551523 0.994 0.006 0.0 0.0
11 1.979185928664499 0.998 0.0 0.002 0.0
12 0.5360998941887376 0.016 0.292 0.13 0.562
>ATF6A_HUMAN.H11MO.0.B	ATF6
1 0.3807592953631511 0.2 0.2 0.55 0.05
2 0.28002690597802493 0.05 0.2 0.3 0.45
3 0.6472758043753455 0.0 0.25 0.6 0.15
4 0.4045381557616783 0.1 0.4 0.45 0.05
5 1.7136030428840439 0.0 0.05 0.0 0.95
6 1.7136030428840439 0.0 0.05 0.95 0.0
7 1.4310044064107188 0.9 0.05 0.0 0.05
8 2.0 0.0 1.0 0.0 0.0
9 2.0 0.0 0.0 1.0 0.0
10 2.0 0.0 0.0 0.0 1.0
11 1.5310044064107187 0.0 0.1 0.9 0.0
12 1.5310044064107187 0.1 0.0 0.9 0.0
>ATOH1_HUMAN.H11MO.0.B	ATOH1
1 0.5897161609499626 0.534 0.042 0.378 0.046
2 0.5679791737490258 0.324 0.154 0.522 0.0
3 1.9583776396777215 0.002 0.996 0.002 0.0
4 1.979185928664499 0.998 0.0 0.0 0.002
5 1.802930100432076 0.0 0.008 0.974 0.018
6 0.8518620997976218 0.586 0.38 0.034 0.0
7 1.7964398754364028 0.018 0.006 0.002 0.974
8 1.911987583155215 0.002 0.0 0.99 0.008
9 0.7600675596482089 0.032 0.11 0.722 0.136
>BACH1_HUMAN.H11MO.0.A	BACH1
1 0.6051640864393484 0.062 0.168 0.098 0.672
2 1.548795359240294 0.01 0.066 0.922 0.002
3 1.7541138909174676 0.02 0.968 0.004 0.008
4 0.9912870702796728 0.036 0.08 0.08 0.804
5 1.3715096358117869 0.004 0.062 0.89 0.044
6 1.0283280767960887 0.802 0.022 0.124 0.052
7 1.0853482439558768 0.014 0.214 0.764 0.008
8 1.1338099407450088 0.006 0.036 0.146 0.812
9 1.6159142655423295 0.016 0.944 0.034 0.006
10 0.9338596846130147 0.786 0.096 0.082 0.036
11 0.3731347058830097 0.01 0.334 0.256 0.4
12 0.09595694620586226 0.152 0.266 0.394 0.188
13 0.19293919781705826 0.106 0.378 0.372 0.144
>BACH2_HUMAN.H11MO.0.A	BACH2
1 0.6944326523116162 0.122 0.096 0.068 0.714
2 1.3959761591646673 0.014 0.078 0.894 0.014
3 1.5069049327327924 0.044 0.924 0.012 0.02
4 1.3106117981306524 0.078 0.038 0.008 0.876
5 0.9454202177634139 0.058 0.06 0.794 0.088
6 0.8769168955307671 0.758 0.038 0.056 0.148
7 0.682409961524084 0.044 0.224 0.67 0.062
8 1.7341744762421434 0.01 0.016 0.008 0.966
9 1.5184799979432493 0.06 0.92 0.016 0.004
10 1.7212605854722498 0.964 0.012 0.008 0.016
11 0.23960193490397885 0.056 0.32 0.212 0.412
>BATF3_HUMAN.H11MO.0.B	BATF3
1 0.05419662951848103 0.172 0.354 0.206 0.268
2 0.28631300864669607 0.484 0.056 0.244 0.216
3 0.5322574927230597 0.03 0.39 0.502 0.078
4 1.5826513318860747 0.03 0.016 0.014 0.94
5 1.3263474990982687 0.046 0.064 0.008 0.882
6 0.8877341467444377 0.042 0.16 0.042 0.756
7 1.2475682358047027 0.018 0.856 0.02 0.106
8 0.22620923956118655 0.502 0.178 0.12 0.2
9 0.07094890372767981 0.21 0.182 0.218 0.39
10 0.6741819412261851 0.23 0.042 0.064 0.664
11 0.28977290932237465 0.482 0.198 0.056 0.264
12 1.852101784743815 0.008 0.0 0.01 0.982
13 1.132399751826199 0.012 0.024 0.81 0.154
14 1.2728556064082668 0.864 0.006 0.042 0.088
15 0.26043304270305123 0.1 0.462 0.318 0.12
16 0.21904417319223812 0.252 0.12 0.146 0.482
17 0.07183611287603142 0.242 0.386 0.186 0.186
>BATF_HUMAN.H11MO.0.A	BATF
1 0.21833713553120782 0.452 0.078 0.264 0.206
2 0.26163686664446817 0.048 0.4 0.346 0.206
3 1.5181170294915485 0.012 0.018 0.044 0.926
4 0.46127884267694674 0.134 0.328 0.024 0.514
5 0.5563549618229637 0.086 0.238 0.052 0.624
6 0.4109141830717562 0.142 0.546 0.046 0.266
7 0.2416212119949661 0.38 0.086 0.396 0.138
8 0.10796223137955474 0.37 0.114 0.23 0.286
9 0.59812476782985 0.338 0.018 0.084 0.56
10 0.50579251706576 0.578 0.158 0.022 0.242
11 1.9583776396777215 0.002 0.002 0.0 0.996
12 1.223315546014114 0.004 0.056 0.85 0.09
13 1.8183847258898513 0.978 0.008 0.012 0.002
14 0.5444233500592583 0.104 0.558 0.316 0.022
15 1.2972473149398067 0.072 0.03 0.02 0.878
16 0.29105328215799275 0.212 0.508 0.212 0.068
17 0.45702439845124676 0.612 0.084 0.11 0.194
18 0.0952701658495827 0.142 0.186 0.306 0.366
>BC11A_HUMAN.H11MO.0.A	BCL11A
1 0.0878848530688292 0.376 0.184 0.286 0.154
2 0.33339440184389035 0.55 0.1 0.224 0.126
3 0.23283466035582734 0.5 0.142 0.23 0.128
4 0.5381824629776071 0.59 0.016 0.226 0.168
5 0.3945687869477952 0.188 0.16 0.58 0.072
6 0.7897079432081384 0.664 0.014 0.27 0.052
7 1.1176915121773647 0.104 0.016 0.828 0.052
8 1.007275195175419 0.2 0.032 0.758 0.01
9 1.284711392311883 0.88 0.044 0.048 0.028
10 1.2770136469254214 0.868 0.006 0.056 0.07
11 0.3879708099202859 0.248 0.226 0.502 0.024
12 0.6226498285936679 0.15 0.154 0.032 0.664
13 0.8458852670867134 0.118 0.072 0.76 0.05
14 0.7044267274388365 0.658 0.064 0.25 0.028
15 0.2490687985691018 0.458 0.144 0.31 0.088
16 0.46637795661205006 0.622 0.078 0.158 0.142
17 0.11210625938390328 0.36 0.204 0.318 0.118
>BCL6_HUMAN.H11MO.0.A	BCL6
1 0.0890851929685832 0.16 0.256 0.19 0.394
2 0.14271252432776982 0.172 0.126 0.414 0.288
3 0.4979247857539688 0.144 0.638 0.138 0.08
4 0.7098605624059746 0.094 0.224 0.016 0.666
5 0.6161059391043393 0.038 0.19 0.112 0.66
6 1.4596151496630898 0.016 0.042 0.026 0.916
7 1.2171162992221385 0.006 0.83 0.02 0.144
8 0.5085944073756292 0.024 0.434 0.094 0.448
9 1.7757043932089747 0.97 0.014 0.016 0.0
10 1.029674011034459 0.172 0.002 0.772 0.054
11 1.129443194035272 0.026 0.07 0.84 0.064
12 1.112854904542911 0.836 0.044 0.084 0.036
13 1.038075736449085 0.82 0.054 0.074 0.052
>BHA15_HUMAN.H11MO.0.B	BHLHA15
1 0.26691378595022996 0.172 0.286 0.472 0.07
2 0.2126878145362665 0.152 0.45 0.296 0.102
3 0.7024195689529655 0.688 0.068 0.2 0.044
4 0.6860687241108099 0.28 0.108 0.61 0.002
5 1.5193677170533153 0.056 0.922 0.016 0.006
6 1.8608692695405986 0.984 0.004 0.01 0.002
7 1.7359622431395914 0.006 0.004 0.964 0.026
8 1.3221313601867848 0.054 0.878 0.064 0.004
9 1.6953655062334958 0.026 0.012 0.004 0.958
10 1.844101784743815 0.004 0.004 0.982 0.01
11 0.6797574590266908 0.002 0.148 0.634 0.216
>BHE40_HUMAN.H11MO.0.A	BHLHE40
1 0.17493412395961583 0.346 0.084 0.37 0.2
2 0.6043996778094662 0.17 0.014 0.628 0.188
3 1.4963506080587532 0.098 0.898 0.002 0.002
4 1.6050562417617578 0.944 0.012 0.016 0.028
5 1.5471103878922516 0.008 0.93 0.016 0.046
6 1.4050287595376179 0.052 0.042 0.9 0.006
7 1.3605795171418507 0.046 0.014 0.046 0.894
8 1.979185928664499 0.002 0.0 0.998 0.0
9 0.4371944094188158 0.584 0.234 0.116 0.066
10 0.36833369259546633 0.092 0.458 0.38 0.07
>BMAL1_HUMAN.H11MO.0.A	ARNTL
1 0.0977937447865791 0.16097560975609757 0.16097560975609757 0.37073170731707317 0.3073170731707317
2 0.4759893944509852 0.17317073170731706 0.5219512195121951 0.2926829268292683 0.012195121951219513
3 1.5813176900657098 0.06585365853658537 0.926829268292683 0.0024390243902439024 0.004878048780487805
4 1.3830207156202499 0.8975609756097561 0.012195121951219513 0.03414634146341464 0.05609756097560976
5 0.900584841740468 0.024390243902439025 0.7317073170731707 0.03414634146341464 0.2097560975609756
6 1.6476980343420964 0.007317073170731708 0.02195121951219512 0.9512195121951219 0.01951219512195122
7 1.795098303010358 0.014634146341463415 0.0 0.012195121951219513 0.973170731707317
8 1.8169649636894074 0.0 0.004878048780487805 0.975609756097561 0.01951219512195122
9 0.33250797063714566 0.45365853658536587 0.2658536585365854 0.026829268292682926 0.25365853658536586
10 0.33137900446506463 0.05121951219512195 0.4926829268292683 0.2926829268292683 0.16341463414634147
11 0.14679251771604296 0.13902439024390245 0.3195121951219512 0.14390243902439023 0.3975609756097561
>BRAC_HUMAN.H11MO.0.A	T
1 0.21904417319223812 0.12 0.252 0.146 0.482
2 0.4715216111660201 0.078 0.202 0.106 0.614
3 0.08392736421750113 0.336 0.312 0.224 0.128
4 0.1431065641300444 0.334 0.164 0.38 0.122
5 0.5989171486263842 0.138 0.674 0.128 0.06
6 0.5896339971595399 0.67 0.072 0.162 0.096
7 0.09014917089114971 0.198 0.174 0.408 0.22
8 0.09527018918734975 0.182 0.252 0.402 0.164
9 0.044211160759187074 0.244 0.166 0.34 0.25
10 0.19486352601126167 0.47 0.19 0.23 0.11
11 0.29688693400767474 0.344 0.052 0.438 0.166
12 0.8097062070703762 0.06 0.128 0.748 0.064
13 1.6122043819840108 0.038 0.016 0.004 0.942
14 1.767007362117781 0.002 0.014 0.97 0.014
15 0.7180869110158312 0.224 0.052 0.044 0.68
16 0.5602255301437573 0.032 0.152 0.632 0.184
17 1.4328047179701895 0.906 0.02 0.062 0.012
18 0.6405250325237852 0.66 0.058 0.222 0.06
19 0.1339720204708863 0.35 0.088 0.262 0.3
20 0.16820525388756158 0.2 0.136 0.198 0.466
>CDX1_HUMAN.H11MO.0.C	CDX1
1 0.24664066497857862 0.4666666666666667 0.23333333333333334 0.06666666666666667 0.23333333333333334
2 1.3253200768525437 0.03333333333333333 0.0 0.1 0.8666666666666667
3 1.579973998311912 0.03333333333333333 0.0 0.03333333333333333 0.9333333333333333
4 0.7633592580588324 0.06666666666666667 0.06666666666666667 0.13333333333333333 0.7333333333333333
5 1.1480674207829669 0.8 0.0 0.16666666666666666 0.03333333333333333
6 0.5970092281246422 0.23333333333333334 0.1 0.03333333333333333 0.6333333333333333
7 1.2780719051126377 0.2 0.0 0.8 0.0
8 0.1443657797372917 0.2 0.1 0.3333333333333333 0.36666666666666664
>CDX2_HUMAN.H11MO.0.A	CDX2
1 0.25405849303603545 0.152317880794702 0.11920529801324503 0.2119205298013245 0.5165562913907285
2 0.9911472673877952 0.059602649006622516 0.0728476821192053 0.059602649006622516 0.8079470198675497
3 1.1718092774407125 0.10596026490066225 0.0 0.06622516556291391 0.8278145695364238
4 0.25979609062833053 0.08609271523178808 0.24503311258278146 0.17218543046357615 0.4966887417218543
5 1.8851456550382462 0.9867549668874173 0.006622516556291391 0.006622516556291391 0.0
6 1.5437119651272078 0.006622516556291391 0.052980132450331126 0.013245033112582781 0.9271523178807947
7 0.8603284141544147 0.046357615894039736 0.0 0.31125827814569534 0.6423841059602649
8 1.2526938898158815 0.18543046357615894 0.006622516556291391 0.8079470198675497 0.0
9 0.913733582960728 0.013245033112582781 0.7615894039735099 0.13245033112582782 0.09271523178807947
10 0.19148169782052782 0.26490066225165565 0.2119205298013245 0.08609271523178808 0.4370860927152318
11 0.08670018694848425 0.1390728476821192 0.1986754966887417 0.3509933774834437 0.31125827814569534
12 0.5375311593823673 0.013245033112582781 0.23178807947019867 0.17218543046357615 0.5827814569536424
>CEBPA_HUMAN.H11MO.0.A	CEBPA
1 0.08507448444248711 0.23 0.132 0.366 0.272
2 0.46523622502960404 0.346 0.182 0.466 0.006
3 1.8423922787992684 0.008 0.004 0.006 0.982
4 1.1048270566037113 0.002 0.002 0.28 0.716
5 0.6200841399097679 0.158 0.008 0.62 0.214
6 0.3854503305846033 0.176 0.118 0.116 0.59
7 1.9623776396777215 0.0 0.0 0.996 0.004
8 1.0203498943552283 0.156 0.772 0.0 0.072
9 1.8608692695405986 0.984 0.01 0.002 0.004
10 1.911987583155215 0.99 0.0 0.008 0.002
11 0.45769086822460814 0.014 0.298 0.176 0.512
12 0.08724338959976086 0.32 0.332 0.222 0.126
>CEBPB_HUMAN.H11MO.0.A	CEBPB
1 0.12245255993088633 0.23788546255506607 0.09911894273127753 0.3524229074889868 0.31057268722466963
2 0.4283238898568211 0.45374449339207046 0.13215859030837004 0.3876651982378855 0.02643171806167401
3 1.9547750611929282 0.0 0.0022026431718061676 0.0022026431718061676 0.9955947136563876
4 1.1192482664325896 0.0 0.0 0.29955947136563876 0.7004405286343612
5 0.5168745080214949 0.30176211453744495 0.0022026431718061676 0.513215859030837 0.1828193832599119
6 0.26451940490491954 0.16740088105726872 0.2599118942731278 0.08149779735682819 0.4911894273127753
7 2.0 0.0 0.0 1.0 0.0
8 1.4545718630738915 0.08149779735682819 0.8986784140969163 0.0 0.019823788546255508
9 2.0 1.0 0.0 0.0 0.0
10 2.0 1.0 0.0 0.0 0.0
11 0.6592684444190127 0.0 0.2444933920704846 0.14757709251101322 0.6079295154185022
12 0.13481622814972383 0.3700440528634361 0.33259911894273125 0.1828193832599119 0.1145374449339207
>CEBPD_HUMAN.H11MO.0.C	CEBPD
1 0.2803160724588907 0.454 0.232 0.268 0.046
2 1.2685008126688366 0.004 0.13 0.02 0.846
3 1.6197490723605552 0.008 0.028 0.018 0.946
4 1.055703629491294 0.042 0.028 0.812 0.118
5 1.6948697871393985 0.016 0.96 0.012 0.012
6 0.200450714655785 0.458 0.122 0.278 0.142
7 0.5194590917505844 0.122 0.58 0.028 0.27
8 0.8551077733689465 0.59 0.382 0.006 0.022
9 1.067666937369963 0.828 0.064 0.046 0.062
10 0.39494274255404527 0.024 0.482 0.178 0.316
11 0.2613931884153915 0.208 0.488 0.072 0.232
>CEBPE_HUMAN.H11MO.0.A	CEBPE
1 0.3781947355732431 0.11206896551724138 0.10714285714285714 0.2019704433497537 0.5788177339901478
2 1.531785662710004 0.0 0.0 0.09975369458128079 0.9002463054187192
3 0.47736566857348794 0.22783251231527094 0.0 0.46551724137931033 0.3066502463054187
4 0.42093685901121036 0.0480295566502463 0.5701970443349754 0.21798029556650247 0.16379310344827586
5 1.5763194284290893 0.08620689655172414 0.0 0.9137931034482759 0.0
6 0.4529198225799731 0.32019704433497537 0.4458128078817734 0.0012315270935960591 0.23275862068965517
7 1.3730870328046882 0.8472906403940886 0.15147783251231528 0.0012315270935960591 0.0
8 2.0 1.0 0.0 0.0 0.0
9 1.3042678550215643 0.0 0.15024630541871922 0.011083743842364532 0.8386699507389163
10 0.32605736435396726 0.2647783251231527 0.4852216748768473 0.04064039408866995 0.20935960591133004
11 0.32695027844251934 0.21305418719211822 0.07019704433497537 0.1810344827586207 0.5357142857142857
12 0.11987257831585385 0.11330049261083744 0.31157635467980294 0.20566502463054187 0.3694581280788177
>CEBPG_HUMAN.H11MO.0.B	CEBPG
1 0.5052334828771001 0.562 0.124 0.288 0.026
2 2.0 0.0 0.0 0.0 1.0
3 1.737011647348668 0.002 0.0 0.04 0.958
4 0.781201782974462 0.176 0.002 0.688 0.134
5 1.9583776396777215 0.002 0.996 0.002 0.0
6 1.2572190659129712 0.868 0.042 0.074 0.016
7 1.5728092617861424 0.016 0.032 0.014 0.938
8 1.5294632552502299 0.056 0.924 0.008 0.012
9 1.92628823024602 0.992 0.0 0.006 0.002
10 0.4656887967719978 0.016 0.136 0.398 0.45
11 0.10612627315944634 0.256 0.398 0.132 0.214
12 0.1580488126368238 0.196 0.364 0.094 0.346
>CLOCK_HUMAN.H11MO.0.C	CLOCK
1 0.4394249525652292 0.15873015873015872 0.5992063492063492 0.17857142857142858 0.06349206349206349
2 0.1506728131796904 0.4246031746031746 0.11507936507936507 0.19047619047619047 0.2698412698412698
3 0.23707201503774633 0.20238095238095238 0.14682539682539683 0.5119047619047619 0.1388888888888889
4 0.07438040500051346 0.3373015873015873 0.32142857142857145 0.16666666666666666 0.1746031746031746
5 1.2033616257632858 0.09523809523809523 0.8492063492063492 0.04365079365079365 0.011904761904761904
6 1.0047327092205174 0.8095238095238095 0.06349206349206349 0.04365079365079365 0.08333333333333333
7 0.41604136334618014 0.15476190476190477 0.6071428571428571 0.12698412698412698 0.1111111111111111
8 0.6472368200904388 0.25396825396825395 0.05555555555555555 0.6428571428571429 0.047619047619047616
9 0.7948186070142169 0.09523809523809523 0.11904761904761904 0.04365079365079365 0.7420634920634921
10 1.2351223483619993 0.0873015873015873 0.023809523809523808 0.8611111111111112 0.027777777777777776
11 0.1576144842666367 0.4007936507936508 0.3134920634920635 0.17857142857142858 0.10714285714285714
12 0.11371513629226238 0.36904761904761907 0.24206349206349206 0.28174603174603174 0.10714285714285714
13 0.13941467134581975 0.2222222222222222 0.3888888888888889 0.2896825396825397 0.0992063492063492
14 0.39596291502523995 0.49206349206349204 0.2976190476190476 0.023809523809523808 0.1865079365079365
>COE1_HUMAN.H11MO.0.A	EBF1
1 0.09815534735787068 0.418 0.202 0.2 0.18
2 0.17171968704881757 0.42 0.09 0.272 0.218
3 0.1317903319347289 0.118 0.256 0.414 0.212
4 0.8213885291096898 0.058 0.202 0.024 0.716
5 1.905497358159542 0.002 0.99 0.002 0.006
6 1.2353085992482054 0.014 0.814 0.0 0.172
7 1.6576781094999302 0.006 0.946 0.002 0.046
8 0.5852886637733525 0.25 0.624 0.04 0.086
9 0.9324954639207101 0.674 0.014 0.012 0.3
10 1.8699411538209032 0.018 0.0 0.982 0.0
11 1.008956255233767 0.248 0.002 0.724 0.026
12 1.909497358159542 0.006 0.004 0.99 0.0
13 0.7093356922298188 0.658 0.046 0.256 0.04
14 0.17792169759161736 0.22 0.434 0.254 0.092
15 0.14905755704040669 0.212 0.352 0.092 0.344
>COT1_HUMAN.H11MO.0.C	NR2F1
1 0.28080003220252703 0.18 0.146 0.54 0.134
2 0.42189194187653545 0.288 0.074 0.55 0.088
3 0.4704334302161346 0.248 0.078 0.592 0.082
4 0.41571069515640335 0.208 0.118 0.59 0.084
5 0.22586427879472515 0.086 0.15 0.362 0.402
6 0.2507700154132335 0.132 0.476 0.29 0.102
7 0.5201721620845827 0.632 0.112 0.194 0.062
8 0.6786457853776384 0.412 0.048 0.524 0.016
9 1.1227334123265522 0.726 0.0 0.27 0.004
10 1.5059198694682667 0.018 0.0 0.912 0.07
11 1.7077716928822206 0.016 0.01 0.962 0.012
12 0.7138850469505615 0.01 0.078 0.28 0.632
13 1.2224517986591286 0.066 0.864 0.042 0.028
14 1.703269249019838 0.96 0.004 0.016 0.02
15 0.2509194305261475 0.204 0.126 0.518 0.152
16 0.23856137323029758 0.226 0.184 0.494 0.096
17 0.2219029523984546 0.186 0.168 0.506 0.14
>COT2_HUMAN.H11MO.0.A	NR2F2
1 0.16524766934746316 0.188 0.47 0.186 0.156
2 0.5661048450094266 0.666 0.15 0.086 0.098
3 0.491953405187346 0.532 0.074 0.344 0.05
4 1.1030334033535572 0.732 0.002 0.26 0.006
5 1.839140445569086 0.008 0.0 0.98 0.012
6 1.410016168683017 0.036 0.008 0.902 0.054
7 1.245173639852268 0.008 0.05 0.082 0.86
8 1.5421241433356487 0.002 0.926 0.022 0.05
9 1.8952025401435744 0.988 0.0 0.008 0.004
10 0.19210875116447657 0.374 0.12 0.378 0.128
11 0.2648843505312506 0.408 0.116 0.384 0.092
12 0.3882937789521075 0.212 0.06 0.564 0.164
13 0.0956280687606681 0.232 0.128 0.38 0.26
>CREB1_HUMAN.H11MO.0.A	CREB1
1 0.041176625821007784 0.282 0.286 0.152 0.28
2 0.23559980414097348 0.346 0.096 0.426 0.132
3 0.713761215504032 0.51 0.042 0.436 0.012
4 1.7187912428908745 0.004 0.024 0.01 0.962
5 1.8128749508855244 0.008 0.006 0.978 0.008
6 1.7805089199101887 0.97 0.0 0.022 0.008
7 1.2848186381269742 0.01 0.866 0.028 0.096
8 1.399183474592684 0.018 0.012 0.896 0.074
9 0.7107353967081507 0.08 0.268 0.012 0.64
10 0.34898059528999714 0.314 0.504 0.082 0.1
11 0.4460305073489135 0.622 0.122 0.116 0.14
>CREM_HUMAN.H11MO.0.C	CREM
1 0.4760050144333403 0.03333333333333333 0.5666666666666667 0.26666666666666666 0.13333333333333333
2 0.49417689979171553 0.4666666666666667 0.2 0.3333333333333333 0.0
3 0.19376107134661047 0.26666666666666666 0.4 0.26666666666666666 0.06666666666666667
4 2.0 0.0 0.0 0.0 1.0
5 1.7891576996814678 0.03333333333333333 0.0 0.9666666666666667 0.0
6 1.7891576996814678 0.9666666666666667 0.03333333333333333 0.0 0.0
7 1.4391748230052699 0.03333333333333333 0.9 0.06666666666666667 0.0
8 1.216223052515299 0.23333333333333334 0.0 0.7666666666666667 0.0
9 1.3253200768525437 0.1 0.03333333333333333 0.0 0.8666666666666667
10 0.8227810821500545 0.03333333333333333 0.7 0.23333333333333334 0.03333333333333333
11 1.1214858126092009 0.8333333333333334 0.1 0.03333333333333333 0.03333333333333333
>CRX_HUMAN.H11MO.0.B	CRX
1 0.1381082767173889 0.248 0.164 0.152 0.436
2 0.3386155189260249 0.534 0.104 0.262 0.1
3 0.4837546219858284 0.574 0.046 0.276 0.104
4 0.3471739776901739 0.172 0.092 0.566 0.17
5 0.2825345236897072 0.498 0.164 0.262 0.076
6 1.0777820886895813 0.192 0.006 0.776 0.026
7 1.5642038694268738 0.032 0.01 0.936 0.022
8 1.1108355227585949 0.764 0.218 0.016 0.002
9 2.0 0.0 0.0 0.0 1.0
10 1.3695152188462538 0.022 0.058 0.024 0.896
11 1.3441052642208078 0.88 0.004 0.034 0.082
12 0.3493337018224334 0.27 0.066 0.526 0.138
13 0.12486910099586024 0.234 0.324 0.344 0.098
>CTCFL_HUMAN.H11MO.0.A	CTCFL
1 0.1291084036979806 0.16666666666666666 0.18222222222222223 0.44222222222222224 0.2088888888888889
2 1.0918657153725473 0.044444444444444446 0.8333333333333334 0.07333333333333333 0.04888888888888889
3 1.5932579148891346 0.017777777777777778 0.9422222222222222 0.02666666666666667 0.013333333333333334
4 0.19535506945872072 0.34 0.06888888888888889 0.37333333333333335 0.21777777777777776
5 0.5083201646763478 0.12444444444444444 0.44666666666666666 0.4177777777777778 0.011111111111111112
6 0.2870048082610759 0.14222222222222222 0.5111111111111111 0.09111111111111111 0.25555555555555554
7 1.2546831603018458 0.8733333333333333 0.044444444444444446 0.03111111111111111 0.051111111111111114
8 1.8160141741724896 0.008888888888888889 0.011111111111111112 0.9777777777777777 0.0022222222222222222
9 1.1229930842892275 0.2311111111111111 0.0 0.7555555555555555 0.013333333333333334
10 0.7417580252153497 0.08 0.09111111111111111 0.7333333333333333 0.09555555555555556
11 1.8462361837900212 0.008888888888888889 0.0022222222222222222 0.9822222222222222 0.006666666666666667
12 1.5691517857066921 0.011111111111111112 0.013333333333333334 0.9355555555555556 0.04
13 1.4358159154816283 0.08222222222222222 0.8977777777777778 0.0044444444444444444 0.015555555555555555
14 1.1065946621344074 0.2111111111111111 0.0044444444444444444 0.7688888888888888 0.015555555555555555
15 0.790564804829573 0.028888888888888888 0.7066666666666667 0.20666666666666667 0.057777777777777775
16 0.2746941123521114 0.1288888888888889 0.4088888888888889 0.07777777777777778 0.3844444444444444
17 0.1363639320286052 0.2644444444444444 0.26222222222222225 0.38 0.09333333333333334
>CTCF_HUMAN.H11MO.0.A	CTCF
1 0.24653456985505495 0.094 0.36 0.126 0.42
2 0.24437431282963185 0.152 0.168 0.522 0.158
3 0.3839259014284524 0.258 0.084 0.554 0.104
4 1.1858533527497355 0.068 0.856 0.036 0.04
5 1.9583776396777215 0.002 0.996 0.002 0.0
6 0.8783610373886586 0.7 0.006 0.242 0.052
7 0.9093609875983559 0.016 0.652 0.322 0.01
8 0.456927731255917 0.098 0.594 0.074 0.234
9 1.4181165055726115 0.906 0.018 0.054 0.022
10 1.920778455241693 0.002 0.002 0.992 0.004
11 1.0184254914512947 0.386 0.0 0.612 0.002
12 0.7451130341237149 0.026 0.026 0.588 0.36
13 1.8646695386003789 0.012 0.002 0.984 0.002
14 1.2060658081452533 0.05 0.026 0.86 0.064
15 1.2941111939822587 0.068 0.876 0.012 0.044
16 0.8871112231885017 0.396 0.014 0.584 0.006
17 0.5504084766550403 0.076 0.562 0.326 0.036
18 0.258947909288334 0.096 0.422 0.116 0.366
19 0.23670440375678936 0.372 0.268 0.316 0.044
>CUX1_HUMAN.H11MO.0.C	CUX1
1 0.28326167657615287 0.4639175257731959 0.14432989690721648 0.31958762886597936 0.07216494845360824
2 0.10582799097806772 0.12371134020618557 0.20618556701030927 0.3711340206185567 0.29896907216494845
3 0.4254210110908281 0.30927835051546393 0.14432989690721648 0.5154639175257731 0.030927835051546393
4 0.1854891675206103 0.1958762886597938 0.24742268041237114 0.4536082474226804 0.10309278350515463
5 0.047832594545296425 0.15463917525773196 0.28865979381443296 0.31958762886597936 0.23711340206185566
6 0.1634208856153334 0.26804123711340205 0.07216494845360824 0.35051546391752575 0.30927835051546393
7 1.636402492445951 0.9484536082474226 0.010309278350515464 0.030927835051546393 0.010309278350515464
8 1.7725753233561496 0.010309278350515464 0.020618556701030927 0.0 0.9690721649484536
9 0.9187673066383524 0.0 0.6804123711340206 0.041237113402061855 0.27835051546391754
10 0.875499945407753 0.13402061855670103 0.041237113402061855 0.7628865979381443 0.061855670103092786
11 0.9324521931978118 0.6907216494845361 0.0 0.26804123711340205 0.041237113402061855
12 1.7725753233561496 0.010309278350515464 0.020618556701030927 0.0 0.9690721649484536
13 0.29564047286871276 0.07216494845360824 0.25773195876288657 0.5051546391752577 0.16494845360824742
14 0.12566338878371086 0.12371134020618557 0.18556701030927836 0.3917525773195876 0.29896907216494845
>DBP_HUMAN.H11MO.0.B	DBP
1 0.26530604835329785 0.32 0.24 0.4 0.04
2 1.3604436346260969 0.08 0.0 0.04 0.88
3 0.8245687204424001 0.08 0.08 0.08 0.76
4 0.5063393103118141 0.64 0.08 0.16 0.12
5 0.854764220528939 0.04 0.12 0.08 0.76
6 1.1256904453594339 0.08 0.04 0.84 0.04
7 1.0104124787779443 0.0 0.44 0.0 0.56
8 1.517820809797727 0.92 0.04 0.0 0.04
9 1.7577078109175852 0.96 0.0 0.0 0.04
10 0.08673031048489133 0.12 0.32 0.24 0.32
11 0.08969166733077016 0.4 0.24 0.2 0.16
>DLX3_HUMAN.H11MO.0.C	DLX3
1 0.5483392356422332 0.17647058823529413 0.11764705882352941 0.6470588235294118 0.058823529411764705
2 0.5041757711596562 0.4117647058823529 0.4117647058823529 0.17647058823529413 0.0
3 1.8085667451858065 0.0 0.029411764705882353 0.0 0.9705882352941176
4 1.8085667451858065 0.9705882352941176 0.0 0.029411764705882353 0.0
5 2.0 1.0 0.0 0.0 0.0
6 2.0 0.0 0.0 0.0 1.0
7 1.6772430411026016 0.0 0.0 0.058823529411764705 0.9411764705882353
8 0.5252750274784534 0.5294117647058824 0.029411764705882353 0.35294117647058826 0.08823529411764706
9 0.35952585031963835 0.14705882352941177 0.5294117647058824 0.2647058823529412 0.058823529411764705
10 0.18995716926254902 0.4411764705882353 0.14705882352941177 0.11764705882352941 0.29411764705882354
>DUX4_HUMAN.H11MO.0.A	DUX4
1 1.8053449015144003 0.026 0.0 0.002 0.972
2 1.9062220901522284 0.012 0.0 0.988 0.0
3 2.0 1.0 0.0 0.0 0.0
4 1.9583776396777215 0.002 0.0 0.002 0.996
5 1.8912025401435744 0.002 0.002 0.008 0.988
6 0.8894801342839866 0.7 0.058 0.24 0.002
7 0.67239489853854 0.288 0.11 0.6 0.002
8 0.578309674375284 0.392 0.014 0.506 0.088
9 1.9415751446508254 0.004 0.002 0.0 0.994
10 1.8686695386003789 0.0 0.012 0.004 0.984
11 1.1914315800454225 0.84 0.018 0.024 0.118
>E2F1_HUMAN.H11MO.0.A	E2F1
1 0.13038485591152904 0.328 0.16 0.378 0.134
2 0.1724353552243687 0.236 0.2 0.452 0.112
3 0.01206972620178326 0.272 0.21 0.29 0.228
4 0.2001513126312322 0.19 0.102 0.466 0.242
5 0.7970490461010045 0.082 0.2 0.704 0.014
6 1.7367429012724318 0.018 0.006 0.966 0.01
7 1.5229165920749501 0.056 0.922 0.004 0.018
8 1.6851931735791352 0.016 0.008 0.958 0.018
9 1.3890710083407898 0.022 0.082 0.89 0.006
10 1.365055683155294 0.068 0.034 0.89 0.008
11 1.2165905328672242 0.856 0.02 0.09 0.034
12 0.768182912982625 0.654 0.064 0.272 0.01
13 0.2227353064897557 0.4 0.14 0.366 0.094
14 0.09977868549372815 0.272 0.164 0.396 0.168
>E2F2_HUMAN.H11MO.0.B	E2F2
1 0.45120505930460153 0.125 0.125 0.625 0.125
2 2.0 0.0 0.0 1.0 0.0
3 1.188721875540867 0.0 0.75 0.25 0.0
4 2.0 0.0 0.0 1.0 0.0
5 0.9387218755408671 0.0 0.75 0.125 0.125
6 2.0 0.0 0.0 1.0 0.0
7 0.7012050593046015 0.625 0.25 0.125 0.0
8 1.4564355568004035 0.875 0.125 0.0 0.0
9 0.7012050593046015 0.625 0.0 0.125 0.25
10 0.9387218755408671 0.125 0.75 0.0 0.125
>E2F3_HUMAN.H11MO.0.A	E2F3
1 0.08848495738512163 0.376 0.14 0.208 0.276
2 0.24699671389304 0.262 0.046 0.41 0.282
3 0.5901673761701738 0.126 0.124 0.676 0.074
4 1.6959278953743468 0.034 0.006 0.956 0.004
5 0.9189436580263561 0.124 0.77 0.02 0.086
6 0.7572203127452701 0.152 0.004 0.684 0.16
7 1.2898371470666992 0.096 0.02 0.868 0.016
8 1.6837154234368152 0.018 0.01 0.958 0.014
9 1.1720637018751896 0.834 0.038 0.118 0.01
10 0.8010807600565877 0.712 0.062 0.2 0.026
11 0.32318255069600044 0.534 0.11 0.25 0.106
>E2F4_HUMAN.H11MO.0.A	E2F4
1 0.28048826029858653 0.146 0.258 0.506 0.09
2 0.21958431951586332 0.278 0.096 0.462 0.164
3 0.30108044874217965 0.244 0.1 0.526 0.13
4 0.755152711541496 0.1 0.188 0.696 0.016
5 1.7182518236050968 0.004 0.036 0.958 0.002
6 1.8001939693235744 0.012 0.974 0.0 0.014
7 1.638201784568904 0.036 0.002 0.946 0.016
8 1.6628314789061638 0.004 0.038 0.95 0.008
9 1.438678595854276 0.09 0.014 0.894 0.002
10 0.9572009286433167 0.716 0.022 0.25 0.012
11 0.37924841346465543 0.536 0.2 0.222 0.042
12 0.0934088112525091 0.382 0.188 0.282 0.148
13 0.09073714553610612 0.254 0.114 0.306 0.326
>E2F5_HUMAN.H11MO.0.B	E2F5
1 0.08170416594551067 0.16666666666666666 0.3333333333333333 0.3333333333333333 0.16666666666666666
2 1.5861831496963663 0.0 0.08333333333333333 0.9166666666666666 0.0
3 2.0 0.0 1.0 0.0 0.0
4 2.0 0.0 0.0 1.0 0.0
5 1.349977578351646 0.0 0.8333333333333334 0.16666666666666666 0.0
6 1.0 0.0 0.5 0.5 0.0
7 2.0 1.0 0.0 0.0 0.0
8 2.0 1.0 0.0 0.0 0.0
9 2.0 1.0 0.0 0.0 0.0
10 0.1120814973288673 0.25 0.4166666666666667 0.16666666666666666 0.16666666666666666
>E2F6_HUMAN.H11MO.0.A	E2F6
1 0.09693516081411402 0.338 0.148 0.342 0.172
2 0.4490766128905912 0.262 0.034 0.556 0.148
3 0.7347244531462946 0.154 0.126 0.7 0.02
4 1.7206795973613431 0.01 0.016 0.964 0.01
5 0.8359039417728322 0.214 0.708 0.012 0.066
6 1.3551228221318707 0.04 0.018 0.894 0.048
7 1.3597230255534494 0.024 0.048 0.896 0.032
8 1.2795415878759342 0.072 0.044 0.872 0.012
9 1.597105655390615 0.942 0.032 0.014 0.012
10 0.7152613809925763 0.512 0.036 0.436 0.016
