>MA0004.1	Arnt
1 1.2780719051126377 0.2 0.8 0.0 0.0
2 1.7136030428840439 0.95 0.0 0.05 0.0
3 2.0 0.0 1.0 0.0 0.0
4 2.0 0.0 0.0 1.0 0.0
5 2.0 0.0 0.0 0.0 1.0
6 2.0 0.0 0.0 1.0 0.0
>MA0006.1	Ahr::Arnt
1 0.2820639704110828 0.125 0.3333333333333333 0.08333333333333333 0.4583333333333333
2 1.7501177071668146 0.0 0.0 0.9583333333333334 0.041666666666666664
3 1.7501177071668146 0.0 0.9583333333333334 0.0 0.041666666666666664
4 1.7501177071668146 0.0 0.0 0.9583333333333334 0.041666666666666664
5 2.0 0.0 0.0 0.0 1.0
6 2.0 0.0 0.0 1.0 0.0
>MA0019.1	Ddit3::Cebpa
1 0.08597671386058514 0.358974358974359 0.1794871794871795 0.3076923076923077 0.15384615384615385
2 0.06484613043578213 0.28205128205128205 0.1794871794871795 0.358974358974359 0.1794871794871795
3 0.38566916484073444 0.46153846153846156 0.07692307692307693 0.38461538461538464 0.07692307692307693
4 1.8279630506468862 0.0 0.02564102564102564 0.0 0.9743589743589743
5 1.8279630506468862 0.0 0.0 0.9743589743589743 0.02564102564102564
6 1.239341523159007 0.10256410256410256 0.8461538461538461 0.0 0.05128205128205128
7 1.8279630506468862 0.9743589743589743 0.02564102564102564 0.0 0.0
8 1.5381182952896297 0.9230769230769231 0.05128205128205128 0.02564102564102564 0.0
9 1.3806178053212363 0.0 0.15384615384615385 0.0 0.8461538461538461
10 0.28265842694961063 0.358974358974359 0.4358974358974359 0.1282051282051282 0.07692307692307693
11 0.4409089992007149 0.10256410256410256 0.5897435897435898 0.23076923076923078 0.07692307692307693
12 0.7497950152505353 0.0 0.6666666666666666 0.15384615384615385 0.1794871794871795
>MA0029.1	Mecom
1 0.2977934010798724 0.5185185185185185 0.07407407407407407 0.2222222222222222 0.18518518518518517
2 0.8169110866419849 0.7407407407407407 0.037037037037037035 0.07407407407407407 0.14814814814814814
3 1.5449793402205358 0.0 0.037037037037037035 0.9259259259259259 0.037037037037037035
4 2.0 1.0 0.0 0.0 0.0
5 0.845826607054073 0.037037037037037035 0.37037037037037035 0.0 0.5925925925925926
6 2.0 1.0 0.0 0.0 0.0
7 1.7714618560464719 0.9629629629629629 0.0 0.037037037037037035 0.0
8 2.0 0.0 0.0 1.0 0.0
9 2.0 1.0 0.0 0.0 0.0
10 1.4967416652243544 0.0 0.1111111111111111 0.0 0.8888888888888888
11 1.3947087947738555 0.8888888888888888 0.037037037037037035 0.0 0.07407407407407407
12 1.3948134233665794 0.8518518518518519 0.0 0.14814814814814814 0.0
13 0.003046881819369407 0.2222222222222222 0.25925925925925924 0.25925925925925924 0.25925925925925924
14 0.34225727349511126 0.5555555555555556 0.2222222222222222 0.1111111111111111 0.1111111111111111
>MA0030.1	FOXF2
1 0.2599306614016301 0.037037037037037035 0.37037037037037035 0.25925925925925924 0.3333333333333333
2 0.06326236273099317 0.37037037037037035 0.25925925925925924 0.18518518518518517 0.18518518518518517
3 0.48536687936452294 0.6296296296296297 0.14814814814814814 0.07407407407407407 0.14814814814814814
4 0.15459642648327532 0.4642857142857143 0.17857142857142858 0.17857142857142858 0.17857142857142858
5 0.5773245316887818 0.13636363636363635 0.5 0.36363636363636365 0.0
6 1.1743734738421046 0.25925925925925924 0.0 0.7407407407407407 0.0
7 2.0 0.0 0.0 0.0 1.0
8 2.0 1.0 0.0 0.0 0.0
9 2.0 1.0 0.0 0.0 0.0
10 2.0 1.0 0.0 0.0 0.0
11 1.6190534142946098 0.0 0.9259259259259259 0.0 0.07407407407407407
12 2.0 1.0 0.0 0.0 0.0
13 0.4158399228156726 0.5925925925925926 0.14814814814814814 0.07407407407407407 0.18518518518518517
14 0.07402140182185679 0.25925925925925924 0.14814814814814814 0.2222222222222222 0.37037037037037035
>MA0031.1	FOXD1
1 1.1524153201754261 0.05 0.05 0.85 0.05
2 2.0 0.0 0.0 0.0 1.0
3 1.7136030428840439 0.95 0.05 0.0 0.0
4 2.0 1.0 0.0 0.0 0.0
5 1.4310044064107188 0.9 0.05 0.05 0.0
6 1.4310044064107188 0.05 0.9 0.0 0.05
7 2.0 1.0 0.0 0.0 0.0
8 0.1983905029409727 0.35 0.1 0.15 0.4
>MA0040.1	Foxq1
1 0.07487344058917067 0.2222222222222222 0.2222222222222222 0.16666666666666666 0.3888888888888889
2 0.7667752117797801 0.7222222222222222 0.05555555555555555 0.16666666666666666 0.05555555555555555
3 0.7002632363047476 0.2777777777777778 0.1111111111111111 0.0 0.6111111111111112
4 1.349977578351646 0.16666666666666666 0.0 0.0 0.8333333333333334
5 2.0 0.0 0.0 1.0 0.0
6 2.0 0.0 0.0 0.0 1.0
7 2.0 0.0 0.0 0.0 1.0
8 2.0 0.0 0.0 0.0 1.0
9 1.6904565708496748 0.9444444444444444 0.0 0.05555555555555555 0.0
10 0.9470592394373651 0.0 0.05555555555555555 0.2222222222222222 0.7222222222222222
11 0.5408520829727552 0.3333333333333333 0.0 0.16666666666666666 0.5
>MA0051.1	IRF2
1 0.7193278704791131 0.0 0.3333333333333333 0.5833333333333334 0.08333333333333333
2 1.349977578351646 0.16666666666666666 0.0 0.8333333333333334 0.0
3 2.0 1.0 0.0 0.0 0.0
4 1.5861831496963663 0.9166666666666666 0.0 0.0 0.08333333333333333
5 2.0 1.0 0.0 0.0 0.0
6 1.349977578351646 0.16666666666666666 0.0 0.8333333333333334 0.0
7 1.0 0.0 0.5 0.0 0.5
8 2.0 0.0 0.0 1.0 0.0
9 2.0 1.0 0.0 0.0 0.0
10 2.0 1.0 0.0 0.0 0.0
11 2.0 1.0 0.0 0.0 0.0
12 1.0 0.0 0.5 0.5 0.0
13 0.6155684956594021 0.0 0.5833333333333334 0.16666666666666666 0.25
14 0.1120814973288673 0.4166666666666667 0.16666666666666666 0.25 0.16666666666666666
15 0.5408520829727554 0.5 0.0 0.16666666666666666 0.3333333333333333
16 0.3741854163060885 0.5 0.08333333333333333 0.08333333333333333 0.3333333333333333
17 0.21584087214857828 0.4166666666666667 0.16666666666666666 0.08333333333333333 0.3333333333333333
18 0.2704260414863777 0.25 0.5 0.08333333333333333 0.16666666666666666
>MA0059.1	MAX::MYC
1 0.28295921852524164 0.3333333333333333 0.047619047619047616 0.42857142857142855 0.19047619047619047
2 0.779271097893991 0.7142857142857143 0.047619047619047616 0.19047619047619047 0.047619047619047616
3 0.41999924512417386 0.09523809523809523 0.42857142857142855 0.42857142857142855 0.047619047619047616
4 1.723804572352061 0.047619047619047616 0.9523809523809523 0.0 0.0
5 2.0 1.0 0.0 0.0 0.0
6 1.723804572352061 0.0 0.9523809523809523 0.0 0.047619047619047616
7 1.723804572352061 0.047619047619047616 0.0 0.9523809523809523 0.0
8 1.723804572352061 0.0 0.047619047619047616 0.0 0.9523809523809523
9 2.0 0.0 0.0 1.0 0.0
10 1.181904007028936 0.047619047619047616 0.047619047619047616 0.8571428571428571 0.047619047619047616
11 0.677694211146691 0.14285714285714285 0.23809523809523808 0.0 0.6190476190476191
>MA0066.1	PPARG
1 0.29310021769716 0.10714285714285714 0.2857142857142857 0.5 0.10714285714285714
2 1.5087626581756668 0.10714285714285714 0.0 0.0 0.8928571428571429
3 1.0940717839570007 0.6785714285714286 0.0 0.32142857142857145 0.0
4 1.777715169314312 0.0 0.03571428571428571 0.9642857142857143 0.0
5 1.557339101930553 0.03571428571428571 0.0 0.9285714285714286 0.03571428571428571
6 1.1941423989892277 0.0 0.03571428571428571 0.14285714285714285 0.8214285714285714
7 1.149674095495066 0.07142857142857142 0.8214285714285714 0.10714285714285714 0.0
8 1.557339101930553 0.9285714285714286 0.03571428571428571 0.0 0.03571428571428571
9 0.2716807711054168 0.17857142857142858 0.5357142857142857 0.14285714285714285 0.14285714285714285
10 0.04943725230098872 0.17857142857142858 0.25 0.35714285714285715 0.21428571428571427
11 0.5161682931553109 0.14285714285714285 0.07142857142857142 0.6428571428571429 0.14285714285714285
12 1.410373818812686 0.03571428571428571 0.0 0.07142857142857142 0.8928571428571429
13 0.7657951626632551 0.07142857142857142 0.17857142857142858 0.7142857142857143 0.03571428571428571
14 1.1111142238158727 0.7857142857142857 0.17857142857142858 0.0 0.03571428571428571
15 1.777715169314312 0.03571428571428571 0.9642857142857143 0.0 0.0
16 1.5087626581756668 0.0 0.8928571428571429 0.0 0.10714285714285714
17 0.6169362867513795 0.10714285714285714 0.42857142857142855 0.0 0.4642857142857143
18 1.1111142238158727 0.7857142857142857 0.17857142857142858 0.0 0.03571428571428571
19 0.11223814800862542 0.17857142857142858 0.42857142857142855 0.21428571428571427 0.17857142857142858
20 0.981575304804913 0.25 0.0 0.03571428571428571 0.7142857142857143
>MA0069.1	PAX6
1 0.863619104340436 0.046511627906976744 0.09302325581395349 0.09302325581395349 0.7674418604651163
2 1.4604953972892436 0.046511627906976744 0.046511627906976744 0.0 0.9069767441860465
3 0.6023627494914432 0.09302325581395349 0.6046511627906976 0.023255813953488372 0.27906976744186046
4 1.4139837693822668 0.9069767441860465 0.046511627906976744 0.023255813953488372 0.023255813953488372
5 0.9769507006260838 0.06976744186046512 0.7906976744186046 0.023255813953488372 0.11627906976744186
6 1.682098784584912 0.023255813953488372 0.0 0.9534883720930233 0.023255813953488372
7 1.2423346529321146 0.023255813953488372 0.8604651162790697 0.09302325581395349 0.023255813953488372
8 0.5573937547005903 0.4883720930232558 0.046511627906976744 0.046511627906976744 0.4186046511627907
9 1.2423346529321146 0.023255813953488372 0.09302325581395349 0.023255813953488372 0.8604651162790697
10 0.6062788186275434 0.046511627906976744 0.32558139534883723 0.5813953488372093 0.046511627906976744
11 1.2627369907920925 0.8372093023255814 0.0 0.13953488372093023 0.023255813953488372
12 0.02055412775963994 0.2558139534883721 0.2558139534883721 0.3023255813953488 0.18604651162790697
13 0.9769507006260838 0.023255813953488372 0.11627906976744186 0.06976744186046512 0.7906976744186046
14 0.8896253161263643 0.023255813953488372 0.0 0.3953488372093023 0.5813953488372093
>MA0070.1	PBX1
1 0.0928003292910522 0.2777777777777778 0.3333333333333333 0.1111111111111111 0.2777777777777778
2 0.20751874963942218 0.16666666666666666 0.5 0.16666666666666666 0.16666666666666666
3 1.3856305541132432 0.8888888888888888 0.05555555555555555 0.05555555555555555 0.0
4 1.3856305541132432 0.05555555555555555 0.05555555555555555 0.0 0.8888888888888888
5 2.0 0.0 1.0 0.0 0.0
6 1.6904565708496748 0.9444444444444444 0.05555555555555555 0.0 0.0
7 1.6904565708496748 0.9444444444444444 0.0 0.0 0.05555555555555555
8 1.6904565708496748 0.0 0.0 0.05555555555555555 0.9444444444444444
9 2.0 0.0 1.0 0.0 0.0
10 1.3856305541132432 0.8888888888888888 0.05555555555555555 0.0 0.05555555555555555
11 0.865030025396059 0.6666666666666666 0.0 0.05555555555555555 0.2777777777777778
12 0.24728472102029553 0.4444444444444444 0.1111111111111111 0.1111111111111111 0.3333333333333333
>MA0071.1	RORA
1 0.5663375457665154 0.6 0.04 0.08 0.28
2 0.8414511681096188 0.36 0.04 0.0 0.6
3 0.2075123108310466 0.24 0.48 0.16 0.12
4 0.20873871957928758 0.44 0.08 0.2 0.28
5 1.3656904453594338 0.84 0.0 0.16 0.0
6 2.0 0.0 0.0 1.0 0.0
7 2.0 0.0 0.0 1.0 0.0
8 2.0 0.0 0.0 0.0 1.0
9 2.0 0.0 1.0 0.0 0.0
10 2.0 1.0 0.0 0.0 0.0
>MA0072.1	RORA
1 0.012938132390773127 0.25 0.2222222222222222 0.2222222222222222 0.3055555555555556
2 0.2844537125724824 0.4722222222222222 0.05555555555555555 0.19444444444444445 0.2777777777777778
3 0.6749887891758228 0.4166666666666667 0.0 0.08333333333333333 0.5
4 1.8168779316986272 0.9722222222222222 0.027777777777777776 0.0 0.0
5 1.056398368700618 0.6388888888888888 0.0 0.0 0.3611111111111111
6 0.20936920293182326 0.05555555555555555 0.3333333333333333 0.3611111111111111 0.25
7 2.0 0.0 0.0 0.0 1.0
8 1.2357954934913797 0.7777777777777778 0.0 0.2222222222222222 0.0
9 2.0 0.0 0.0 1.0 0.0
10 2.0 0.0 0.0 1.0 0.0
11 2.0 0.0 0.0 0.0 1.0
12 2.0 0.0 1.0 0.0 0.0
13 2.0 1.0 0.0 0.0 0.0
14 0.13402098082894187 0.4166666666666667 0.16666666666666666 0.2777777777777778 0.1388888888888889
>MA0073.1	RREB1
1 1.1546490633775635 0.2727272727272727 0.7272727272727273 0.0 0.0
2 1.5605030130784865 0.09090909090909091 0.9090909090909091 0.0 0.0
3 1.1546490633775635 0.2727272727272727 0.7272727272727273 0.0 0.0
4 2.0 0.0 1.0 0.0 0.0
5 1.0543396953993598 0.6363636363636364 0.36363636363636365 0.0 0.0
6 1.3159615643609583 0.8181818181818182 0.18181818181818182 0.0 0.0
7 1.1546490633775635 0.7272727272727273 0.2727272727272727 0.0 0.0
8 0.6778206544833332 0.36363636363636365 0.5454545454545454 0.0 0.09090909090909091
9 2.0 0.0 1.0 0.0 0.0
10 2.0 1.0 0.0 0.0 0.0
11 1.0543396953993598 0.36363636363636365 0.6363636363636364 0.0 0.0
12 1.5605030130784865 0.09090909090909091 0.9090909090909091 0.0 0.0
13 1.1546490633775635 0.2727272727272727 0.7272727272727273 0.0 0.0
14 0.6778206544833332 0.36363636363636365 0.5454545454545454 0.09090909090909091 0.0
15 1.3159615643609583 0.18181818181818182 0.8181818181818182 0.0 0.0
16 0.5050811517660492 0.36363636363636365 0.45454545454545453 0.0 0.18181818181818182
17 0.3232629699478671 0.36363636363636365 0.45454545454545453 0.09090909090909091 0.09090909090909091
18 0.6778206544833332 0.36363636363636365 0.5454545454545454 0.0 0.09090909090909091
19 0.7593294683233114 0.09090909090909091 0.6363636363636364 0.2727272727272727 0.0
20 0.17693201772633893 0.36363636363636365 0.36363636363636365 0.18181818181818182 0.09090909090909091
>MA0074.1	RXRA::VDR
1 1.1187091007693073 0.3 0.0 0.7 0.0
2 2.0 0.0 0.0 1.0 0.0
3 1.5310044064107187 0.0 0.0 0.9 0.1
4 2.0 0.0 0.0 0.0 1.0
5 1.5310044064107187 0.0 0.9 0.0 0.1
6 1.5310044064107187 0.9 0.0 0.1 0.0
7 0.47807190511263786 0.4 0.2 0.0 0.4
8 0.07807190511263773 0.2 0.4 0.2 0.2
9 1.2780719051126377 0.2 0.0 0.8 0.0
10 1.0 0.5 0.0 0.5 0.0
11 2.0 0.0 0.0 1.0 0.0
12 2.0 0.0 0.0 0.0 1.0
13 1.5310044064107187 0.1 0.0 0.0 0.9
14 1.5310044064107187 0.0 0.9 0.0 0.1
15 0.8432203505529605 0.7 0.1 0.2 0.0
>MA0077.1	SOX9
1 0.7492872467140641 0.039473684210526314 0.7236842105263158 0.11842105263157894 0.11842105263157894
2 0.3437845988260322 0.10526315789473684 0.5 0.07894736842105263 0.3157894736842105
3 1.6024941376726307 0.9342105263157895 0.013157894736842105 0.0 0.05263157894736842
4 1.5498625587252621 0.02631578947368421 0.013157894736842105 0.02631578947368421 0.9342105263157895
5 1.266617122099214 0.09210526315789473 0.0 0.05263157894736842 0.8552631578947368
6 1.6498961721333418 0.02631578947368421 0.02631578947368421 0.9473684210526315 0.0
7 1.0570942792956621 0.17105263157894737 0.0 0.05263157894736842 0.7763157894736842
8 0.6791055074582337 0.11842105263157894 0.09210526315789473 0.07894736842105263 0.7105263157894737
9 0.18067299974734263 0.18421052631578946 0.40789473684210525 0.09210526315789473 0.3157894736842105
>MA0084.1	SRY
1 0.06545086000479783 0.17857142857142858 0.17857142857142858 0.35714285714285715 0.2857142857142857
2 0.2233809292994553 0.2857142857142857 0.10714285714285714 0.14285714285714285 0.4642857142857143
3 0.6418424845554269 0.5357142857142857 0.0 0.10714285714285714 0.35714285714285715
4 0.49866025759555854 0.6428571428571429 0.10714285714285714 0.10714285714285714 0.14285714285714285
5 1.5087626581756668 0.8928571428571429 0.0 0.0 0.10714285714285714
6 1.6287676733591243 0.0 0.9285714285714286 0.0 0.07142857142857142
7 2.0 1.0 0.0 0.0 0.0
8 1.777715169314312 0.9642857142857143 0.0 0.03571428571428571 0.0
9 0.8484346211506586 0.25 0.0 0.07142857142857142 0.6785714285714286
>MA0091.1	TAL1::TCF3
1 0.039159523581372646 0.29545454545454547 0.3181818181818182 0.18181818181818182 0.20454545454545456
2 0.1723140253181228 0.20454545454545456 0.22727272727272727 0.45454545454545453 0.11363636363636363
3 1.3788768822215927 0.8863636363636364 0.0 0.06818181818181818 0.045454545454545456
4 1.0059697885230436 0.45454545454545453 0.5454545454545454 0.0 0.0
5 1.8435089370942985 0.0 0.9772727272727273 0.022727272727272728 0.0
6 2.0 1.0 0.0 0.0 0.0
7 1.0417899223856635 0.0 0.022727272727272728 0.25 0.7272727272727273
8 1.1546490633775635 0.2727272727272727 0.7272727272727273 0.0 0.0
9 2.0 0.0 0.0 0.0 1.0
10 1.8435089370942985 0.0 0.0 0.9772727272727273 0.022727272727272728
11 0.7094800922323548 0.0 0.06818181818181818 0.45454545454545453 0.4772727272727273
12 0.8808805768743284 0.09090909090909091 0.09090909090909091 0.045454545454545456 0.7727272727272727
>MA0092.1	Hand1::Tcf3
1 0.06859712222680225 0.13793103448275862 0.27586206896551724 0.3448275862068966 0.2413793103448276
2 0.5841790008379937 0.3448275862068966 0.0 0.5172413793103449 0.13793103448275862
3 1.0744017640899364 0.06896551724137931 0.06896551724137931 0.034482758620689655 0.8275862068965517
4 1.7836030675487353 0.0 0.9655172413793104 0.0 0.034482758620689655
5 2.0 0.0 0.0 0.0 1.0
6 2.0 0.0 0.0 1.0 0.0
7 1.3093049444079998 0.0 0.10344827586206896 0.8620689655172413 0.034482758620689655
8 0.3641546737077408 0.3103448275862069 0.4827586206896552 0.034482758620689655 0.1724137931034483
9 0.6583696411150863 0.5517241379310345 0.0 0.10344827586206896 0.3448275862068966
10 0.30097212468059387 0.1724137931034483 0.13793103448275862 0.13793103448275862 0.5517241379310345
>MA0101.1	REL
1 0.47781012783417887 0.0 0.29411764705882354 0.47058823529411764 0.23529411764705882
2 1.3597935666395298 0.0 0.058823529411764705 0.8823529411764706 0.058823529411764705
3 1.3597935666395298 0.058823529411764705 0.0 0.8823529411764706 0.058823529411764705
4 0.3912998344801091 0.29411764705882354 0.058823529411764705 0.5294117647058824 0.11764705882352941
5 0.06719542246087706 0.35294117647058826 0.29411764705882354 0.17647058823529413 0.17647058823529413
6 0.549532536591451 0.29411764705882354 0.058823529411764705 0.058823529411764705 0.5882352941176471
7 1.6772430411026016 0.058823529411764705 0.0 0.0 0.9411764705882353
8 1.4774406254630592 0.11764705882352941 0.0 0.0 0.8823529411764706
9 1.4774406254630592 0.0 0.8823529411764706 0.0 0.11764705882352941
10 1.6772430411026016 0.058823529411764705 0.9411764705882353 0.0 0.0
>MA0107.1	RELA
1 0.6527769600673399 0.0 0.2222222222222222 0.6111111111111112 0.16666666666666666
2 1.6904565708496748 0.0 0.0 0.9444444444444444 0.05555555555555555
3 2.0 0.0 0.0 1.0 0.0
4 1.0359212351917708 0.6111111111111112 0.0 0.3888888888888889 0.0
5 0.38419546805974836 0.5555555555555556 0.16666666666666666 0.2222222222222222 0.05555555555555555
6 1.4967416652243544 0.1111111111111111 0.0 0.0 0.8888888888888888
7 2.0 0.0 0.0 0.0 1.0
8 1.4967416652243544 0.0 0.1111111111111111 0.0 0.8888888888888888
9 2.0 0.0 1.0 0.0 0.0
10 2.0 0.0 1.0 0.0 0.0
>MA0108.2	TBP
1 0.2296046660907225 0.15681233933161953 0.37275064267352187 0.390745501285347 0.07969151670951156
2 0.977413695186137 0.04113110539845758 0.11825192802056556 0.04627249357326478 0.794344473007712
3 1.517825673917156 0.9048843187660668 0.0 0.005141388174807198 0.08997429305912596
4 1.7164577075819654 0.007712082262210797 0.02570694087403599 0.005141388174807198 0.961439588688946
5 1.5103806551990868 0.910025706940874 0.0 0.012853470437017995 0.07712082262210797
6 1.105613641525142 0.6889460154241646 0.0 0.0 0.3110539845758355
7 1.5294593595971513 0.9254498714652957 0.007712082262210797 0.05141388174807198 0.015424164524421594
8 0.619401329204015 0.570694087403599 0.005141388174807198 0.11311053984575835 0.3110539845758355
9 0.28515190064970053 0.39845758354755784 0.11311053984575835 0.40359897172236503 0.08483290488431877
10 0.16496744639192018 0.14395886889460155 0.34704370179948585 0.3856041131105398 0.12339331619537275
11 0.17544870158124626 0.2133676092544987 0.37789203084832906 0.32904884318766064 0.07969151670951156
12 0.0835332564073421 0.21079691516709512 0.3264781491002571 0.32904884318766064 0.13367609254498714
13 0.05767473931899092 0.21079691516709512 0.3033419023136247 0.32904884318766064 0.15681233933161953
14 0.05955784947577292 0.17480719794344474 0.2750642673521851 0.35732647814910024 0.1928020565552699
15 0.05383789986873433 0.19794344473007713 0.2596401028277635 0.35989717223650386 0.18251928020565553
>MA0111.1	Spz1
1 1.188721875540867 0.75 0.0 0.25 0.0
2 0.9591479170272448 0.0 0.16666666666666666 0.75 0.08333333333333333
3 1.349977578351646 0.16666666666666666 0.0 0.8333333333333334 0.0
4 1.5861831496963663 0.0 0.0 0.9166666666666666 0.08333333333333333
5 1.1833109116849791 0.08333333333333333 0.0 0.08333333333333333 0.8333333333333334
6 1.0817041659455104 0.6666666666666666 0.0 0.0 0.3333333333333333
7 0.5408520829727554 0.5 0.0 0.16666666666666666 0.3333333333333333
8 0.9591479170272448 0.08333333333333333 0.75 0.16666666666666666 0.0
9 1.349977578351646 0.8333333333333334 0.0 0.16666666666666666 0.0
10 0.9591479170272448 0.0 0.08333333333333333 0.75 0.16666666666666666
11 0.7483708326121772 0.16666666666666666 0.6666666666666666 0.16666666666666666 0.0
>MA0115.1	NR1H2::RXRA
1 0.7901996613395172 0.68 0.2 0.0 0.12
2 0.6800041612529786 0.68 0.04 0.2 0.08
3 1.2780719051126377 0.8 0.0 0.2 0.0
4 2.0 0.0 0.0 1.0 0.0
5 1.7577078109175852 0.0 0.0 0.96 0.04
6 2.0 0.0 0.0 0.0 1.0
7 2.0 0.0 1.0 0.0 0.0
8 2.0 1.0 0.0 0.0 0.0
9 1.7577078109175852 0.96 0.0 0.0 0.04
10 2.0 1.0 0.0 0.0 0.0
11 2.0 0.0 0.0 1.0 0.0
12 2.0 0.0 0.0 1.0 0.0
13 2.0 0.0 0.0 0.0 1.0
14 2.0 0.0 1.0 0.0 0.0
15 2.0 1.0 0.0 0.0 0.0
16 0.9736862861351652 0.8 0.04 0.08 0.08
17 0.6406691677634637 0.0 0.6 0.24 0.16
>MA0116.1	Znf423
1 0.7664840644119635 0.21212121212121213 0.12121212121212122 0.6666666666666666 0.0
2 1.0006624958311154 0.0 0.48484848484848486 0.5151515151515151 0.0
3 1.0006624958311154 0.48484848484848486 0.5151515151515151 0.0 0.0
4 1.0006624958311154 0.5151515151515151 0.48484848484848486 0.0 0.0
5 2.0 0.0 1.0 0.0 0.0
6 2.0 0.0 1.0 0.0 0.0
7 0.8371279180774116 0.030303030303030304 0.5151515151515151 0.0 0.45454545454545453
8 1.1546490633775635 0.7272727272727273 0.0 0.0 0.2727272727272727
9 0.595173042333492 0.3939393939393939 0.0 0.48484848484848486 0.12121212121212122
10 2.0 0.0 0.0 1.0 0.0
11 2.0 0.0 0.0 1.0 0.0
12 1.0006624958311154 0.0 0.0 0.5151515151515151 0.48484848484848486
13 1.0006624958311154 0.0 0.0 0.48484848484848486 0.5151515151515151
14 0.48679754770157113 0.0 0.24242424242424243 0.48484848484848486 0.2727272727272727
15 1.0817041659455104 0.3333333333333333 0.6666666666666666 0.0 0.0
>MA0119.1	NFIC::TLX1
1 2.0 0.0 0.0 0.0 1.0
2 2.0 0.0 0.0 1.0 0.0
3 2.0 0.0 0.0 1.0 0.0
4 2.0 0.0 1.0 0.0 0.0
5 1.3314355568004035 0.875 0.0625 0.0 0.0625
6 0.35060252965230054 0.125 0.5 0.3125 0.0625
7 0.25 0.125 0.5 0.25 0.125
8 0.2510007769377194 0.4375 0.0625 0.3125 0.1875
9 0.15039824728541884 0.25 0.1875 0.125 0.4375
10 2.0 0.0 0.0 1.0 0.0
11 2.0 0.0 1.0 0.0 0.0
12 2.0 0.0 1.0 0.0 0.0
13 2.0 1.0 0.0 0.0 0.0
14 1.3314355568004035 0.875 0.0 0.0625 0.0625
>MA0125.1	Nobox
1 1.8244349741424972 0.0 0.02631578947368421 0.0 0.9736842105263158
2 1.7025277510807104 0.9473684210526315 0.0 0.0 0.05263157894736842
3 2.0 1.0 0.0 0.0 0.0
4 1.3566445024119813 0.02631578947368421 0.02631578947368421 0.05263157894736842 0.8947368421052632
5 1.2257566970827303 0.05263157894736842 0.0 0.10526315789473684 0.8421052631578947
6 0.8760423429813702 0.39473684210526316 0.0 0.5789473684210527 0.02631578947368421
7 0.280446171677875 0.10526315789473684 0.3157894736842105 0.47368421052631576 0.10526315789473684
8 0.3073977402779118 0.05263157894736842 0.34210526315789475 0.15789473684210525 0.4473684210526316
>MA0130.1	ZNF354C
1 0.49475918505585215 0.4375 0.375 0.1875 0.0
2 0.8005397066983586 0.1875 0.125 0.0 0.6875
3 2.0 0.0 1.0 0.0 0.0
4 2.0 0.0 1.0 0.0 0.0
5 2.0 1.0 0.0 0.0 0.0
6 1.662709933382986 0.0 0.9375 0.0625 0.0
>MA0135.1	Lhx3
1 0.5422825308698518 0.45 0.0 0.15 0.4
2 1.0780719051126377 0.8 0.1 0.1 0.0
3 1.7136030428840439 0.95 0.0 0.0 0.05
4 2.0 0.0 0.0 0.0 1.0
5 2.0 0.0 0.0 0.0 1.0
6 1.7136030428840439 0.95 0.0 0.0 0.05
7 2.0 1.0 0.0 0.0 0.0
8 1.0780719051126377 0.1 0.1 0.0 0.8
9 1.7136030428840439 0.0 0.05 0.0 0.95
10 1.1158162802208111 0.8 0.05 0.0 0.15
11 0.5422825308698518 0.45 0.0 0.15 0.4
12 0.639035952556319 0.1 0.4 0.0 0.5
13 0.21777128108619825 0.1 0.45 0.15 0.3
>MA0139.1	CTCF
1 0.35371745776364216 0.09529025191675794 0.3187294633077766 0.0832420591456736 0.5027382256297919
2 0.1442127389522958 0.1829134720700986 0.1588170865279299 0.4534501642935378 0.20481927710843373
3 0.3404437297133045 0.307776560788609 0.05366922234392114 0.49178532311062434 0.14676889375684557
4 1.2768682636907864 0.06133625410733844 0.8762322015334063 0.023001095290251915 0.03943044906900329
5 1.905046700580088 0.008762322015334063 0.9890470974808324 0.0 0.002190580503833516
6 1.0690372653554718 0.8148959474260679 0.014238773274917854 0.07119386637458927 0.09967141292442497
7 0.7378489941648487 0.04381161007667032 0.5783132530120482 0.3658269441401972 0.012048192771084338
8 0.3730718504085351 0.11732456140350878 0.47478070175438597 0.05263157894736842 0.35526315789473684
9 1.5485885347231159 0.9331140350877193 0.01206140350877193 0.03508771929824561 0.019736842105263157
10 1.9190157356071866 0.005488474204171241 0.0 0.991218441273326 0.003293084522502744
11 0.9496958014149852 0.36553238199780463 0.003293084522502744 0.6212952799121844 0.009879253567508232
12 0.6729514613205416 0.059275521405049394 0.013172338090010977 0.5532381997804611 0.3743139407244786
13 1.826253427571634 0.013186813186813187 0.0 0.978021978021978 0.008791208791208791
14 1.208007604194489 0.06153846153846154 0.008791208791208791 0.8516483516483516 0.07802197802197802
15 1.0732221609366577 0.11441144114411442 0.8063806380638063 0.005500550055005501 0.0737073707370737
16 0.8077067770049811 0.40924092409240925 0.014301430143014302 0.5577557755775577 0.0187018701870187
17 0.4846242181038434 0.09030837004405286 0.5308370044052864 0.3381057268722467 0.040748898678414094
18 0.2741897520195824 0.1288546255506608 0.35462555066079293 0.08039647577092511 0.43612334801762115
19 0.2406056461580437 0.44273127753303965 0.19933920704845814 0.29295154185022027 0.06497797356828194
>MA0142.1	Pou5f1::Sox2
1 0.6400729617362813 0.04618768328445748 0.6202346041055719 0.04838709677419355 0.28519061583577715
2 0.6727190387906028 0.4238653001464129 0.0424597364568082 0.020497803806734993 0.513177159590044
3 1.5326114629230334 0.008046817849305048 0.036576444769568395 0.026335040234089245 0.9290416971470373
4 1.397788686832576 0.03433162892622352 0.008765522279035792 0.0577063550036523 0.8991964937910883
5 0.54268257694701 0.08619430241051863 0.26515704894083275 0.6026296566837107 0.04601899196493791
6 0.8845404564201576 0.30314097881665447 0.013148283418553688 0.021183345507669833 0.662527392257122
7 0.1698542079815697 0.15047479912344777 0.266617969320672 0.1358655953250548 0.44704163623082543
8 1.4034561567402901 0.902118334550767 0.02191380569758948 0.017531044558071585 0.05843681519357195
9 1.7819930880618533 0.01241782322863404 0.003652300949598247 0.01095690284879474 0.972972972972973
10 1.4603781749639795 0.007304601899196494 0.01168736303871439 0.9050401753104456 0.07596785975164354
11 0.9004701985197165 0.01023391812865497 0.7521929824561403 0.09429824561403509 0.14327485380116958
12 1.0508183441027827 0.7692307692307693 0.011721611721611722 0.02197802197802198 0.19706959706959706
13 0.6300240266717061 0.6512481644640234 0.049926578560939794 0.23127753303964757 0.06754772393538913
14 1.29696130126083 0.881704628949302 0.024246877296105803 0.055106539309331376 0.038941954445260836
15 0.4434434875234896 0.14548126377663484 0.08743570903747244 0.1520940484937546 0.6149889786921381
>MA0149.1	EWSR1-FLI1
1 2.0 0.0 0.0 1.0 0.0
2 1.8639407137612247 0.01904761904761905 0.0 0.9809523809523809 0.0
3 1.9223804888736258 0.9904761904761905 0.0 0.009523809523809525 0.0
4 1.9223804888736258 0.9904761904761905 0.0 0.009523809523809525 0.0
5 1.9223804888736258 0.009523809523809525 0.0 0.9904761904761905 0.0
6 1.7865867192966636 0.01904761904761905 0.0 0.9714285714285714 0.009523809523809525
7 1.8639407137612247 0.9809523809523809 0.0 0.01904761904761905 0.0
8 1.812823743126792 0.9714285714285714 0.0 0.02857142857142857 0.0
9 1.9223804888736258 0.0 0.0 0.9904761904761905 0.009523809523809525
10 1.8639407137612247 0.0 0.01904761904761905 0.9809523809523809 0.0
11 1.6315288193613187 0.9428571428571428 0.0380952380952381 0.01904761904761905 0.0
12 2.0 1.0 0.0 0.0 0.0
13 2.0 0.0 0.0 1.0 0.0
14 1.8639407137612247 0.0 0.01904761904761905 0.9809523809523809 0.0
15 1.6775688297589815 0.9523809523809523 0.02857142857142857 0.0 0.01904761904761905
16 1.7865867192966636 0.9714285714285714 0.0 0.01904761904761905 0.009523809523809525
17 1.5386694696553218 0.047619047619047616 0.0 0.9238095238095239 0.02857142857142857
18 1.4924337270622425 0.02857142857142857 0.02857142857142857 0.9238095238095239 0.01904761904761905
>MA0138.2	REST
1 0.29007476008780664 0.13262099308610936 0.10936517913262099 0.23004399748585794 0.5279698302954117
2 0.7212783548554766 0.036318096430807766 0.16844082654978085 0.09142141515341265 0.7038196618659988
3 1.1834815436968795 0.047589229805886035 0.8553537883531622 0.031308703819661866 0.06574827802128992
4 1.4274404902925708 0.9063670411985019 0.018726591760299626 0.05867665418227216 0.016229712858926344
5 1.6172210814246315 0.02119700748129676 0.02743142144638404 0.9451371571072319 0.006234413965087282
6 0.46033346148457577 0.07601246105919003 0.6093457943925233 0.2012461059190031 0.1133956386292835
7 1.832674060888209 0.9806973848069739 0.0043586550435865505 0.007471980074719801 0.007471980074719801
8 1.8865040269233853 0.0018679950186799503 0.987546699875467 0.007471980074719801 0.00311332503113325
9 1.496094011791373 0.021793275217932753 0.9221668742216688 0.012453300124533 0.043586550435865505
10 0.3590372220954827 0.5688473520249221 0.1252336448598131 0.10093457943925234 0.20498442367601247
11 0.35908712985374036 0.13653366583541146 0.23379052369077308 0.0773067331670823 0.5523690773067331
12 1.7543222739948372 0.024314214463840397 0.004364089775561097 0.9669576059850374 0.004364089775561097
13 1.8590671809682833 0.012468827930174564 0.003117206982543641 0.9831670822942643 0.0012468827930174563
14 1.289666303126484 0.877105427323768 0.06986899563318777 0.021210230817217717 0.031815346225826574
15 1.07616168432068 0.008125 0.8 0.145625 0.04625
16 1.854660120078426 0.98375 0.005625 0.004375 0.00625
17 1.7062728423476363 0.026348808030112924 0.008155583437892095 0.9598494353826851 0.0056461731493099125
18 0.4685322264804599 0.12868801004394226 0.6321406151914627 0.11487758945386065 0.12429378531073447
19 0.35295970089459816 0.22989949748743718 0.019472361809045227 0.4321608040201005 0.3184673366834171
20 0.4068241386248539 0.1339622641509434 0.5867924528301887 0.20062893081761007 0.07861635220125786
21 0.7322057852765631 0.11257861635220126 0.70062893081761 0.023270440251572325 0.16352201257861634
>MA0002.2	Runx1
1 0.06371373682072812 0.1435 0.248 0.348 0.2605
2 0.12434058908830359 0.117 0.2425 0.2335 0.407
3 0.46370927579080456 0.0615 0.536 0.0745 0.328
4 1.779738436650617 0.0285 0.0 0.0035 0.968
5 1.5942476858074999 0.0 0.0375 0.936 0.0265
6 1.191857573185049 0.0435 0.0635 0.035 0.858
7 1.9434282857333773 0.0 0.0 0.9935 0.0065
8 1.5132848143518554 0.0085 0.021 0.924 0.0465
9 0.7340818040327424 0.005 0.2 0.1255 0.6695
10 0.6728729046540625 0.0655 0.2315 0.0405 0.6625
11 0.3201497648508138 0.25 0.079 0.1445 0.5265
>MA0065.2	Pparg::Rxra
1 0.18220343125136873 0.10968494749124855 0.36989498249708286 0.3733955659276546 0.147024504084014
2 0.29059977825893846 0.11771561771561771 0.19347319347319347 0.14801864801864803 0.5407925407925408
3 0.5024702042322042 0.45348837209302323 0.026744186046511628 0.42790697674418604 0.09186046511627907
4 0.9963326170036186 0.11614401858304298 0.003484320557491289 0.7793263646922184 0.10104529616724739
5 1.012286018824799 0.16125290023201855 0.01740139211136891 0.7819025522041764 0.03944315545243619
6 0.15800853395610903 0.16821345707656613 0.14965197215777262 0.4582366589327146 0.22389791183294663
7 0.5322377733706634 0.08227114716106605 0.6338354577056778 0.2074159907300116 0.07647740440324449
8 1.6336829163094202 0.9490150637311703 0.02433371958285052 0.01738122827346466 0.009269988412514484
9 0.6655865723009187 0.6048667439165701 0.055619930475086905 0.3128621089223638 0.026651216685979143
10 1.2384122719424364 0.8252314814814815 0.005787037037037037 0.15856481481481483 0.010416666666666666
11 1.4200895046589206 0.09501738122827347 0.002317497103128621 0.8887601390498262 0.013904982618771726
12 1.0725734331807593 0.047508690614136734 0.010428736964078795 0.8030127462340672 0.13904982618771727
13 0.5128422302989217 0.02549246813441483 0.11471610660486674 0.3047508690614137 0.5550405561993047
14 0.532140529323895 0.06264501160092807 0.6438515081206496 0.16705336426914152 0.12645011600928074
15 0.9135962227051702 0.7842227378190255 0.06728538283062645 0.054524361948955914 0.09396751740139211
>MA0151.1	Arid3a
1 2.0 1.0 0.0 0.0 0.0
2 2.0 0.0 0.0 0.0 1.0
3 0.8753418798452937 0.037037037037037035 0.3333333333333333 0.0 0.6296296296296297
4 2.0 1.0 0.0 0.0 0.0
5 2.0 1.0 0.0 0.0 0.0
6 1.0209768275429827 0.7407407407407407 0.0 0.037037037037037035 0.2222222222222222
>MA0155.1	INSM1
1 1.1113134474216824 0.041666666666666664 0.0 0.16666666666666666 0.7916666666666666
2 1.349977578351646 0.0 0.0 0.8333333333333334 0.16666666666666666
3 0.6175626591954133 0.0 0.3333333333333333 0.125 0.5416666666666666
4 0.7012050593046015 0.25 0.625 0.0 0.125
5 1.0817041659455104 0.6666666666666666 0.0 0.0 0.3333333333333333
6 2.0 0.0 0.0 1.0 0.0
7 1.7501177071668146 0.0 0.041666666666666664 0.9583333333333334 0.0
8 2.0 0.0 0.0 1.0 0.0
9 2.0 0.0 0.0 1.0 0.0
10 0.8112781244591329 0.0 0.08333333333333333 0.6666666666666666 0.25
11 0.7635594983038554 0.125 0.6666666666666666 0.0 0.20833333333333334
12 0.6749887891758228 0.4166666666666667 0.0 0.5 0.08333333333333333
>MA0159.1	RARA::RXRA
1 1.0013640358414282 0.5217391304347826 0.0 0.4782608695652174 0.0
2 2.0 0.0 0.0 1.0 0.0
3 0.8083963634566831 0.043478260869565216 0.0 0.5652173913043478 0.391304347826087
4 1.7419813313351846 0.0 0.0 0.043478260869565216 0.9565217391304348
5 1.0335483712527738 0.0 0.782608695652174 0.13043478260869565 0.08695652173913043
6 1.7419813313351846 0.9565217391304348 0.0 0.043478260869565216 0.0
7 0.03785584321443336 0.17391304347826086 0.30434782608695654 0.21739130434782608 0.30434782608695654
8 0.26508871730897066 0.21739130434782608 0.34782608695652173 0.391304347826087 0.043478260869565216
9 0.19027612140431538 0.21739130434782608 0.17391304347826086 0.4782608695652174 0.13043478260869565
10 0.5093598174315708 0.5652173913043478 0.043478260869565216 0.30434782608695654 0.08695652173913043
11 0.525958282526362 0.21739130434782608 0.2608695652173913 0.5217391304347826 0.0
12 0.9110747094031046 0.7391304347826086 0.13043478260869565 0.13043478260869565 0.0
13 1.2346363873233022 0.043478260869565216 0.043478260869565216 0.8695652173913043 0.043478260869565216
14 0.9333847832615496 0.0 0.043478260869565216 0.6956521739130435 0.2608695652173913
15 0.7912969919177366 0.08695652173913043 0.043478260869565216 0.13043478260869565 0.7391304347826086
16 0.7912969919177366 0.043478260869565216 0.7391304347826086 0.13043478260869565 0.08695652173913043
17 1.4868148212627248 0.9130434782608695 0.0 0.043478260869565216 0.043478260869565216
>MA0163.1	PLAG1
1 2.0 0.0 0.0 1.0 0.0
2 1.0555114658337947 0.16666666666666666 0.0 0.7777777777777778 0.05555555555555555
3 2.0 0.0 0.0 1.0 0.0
4 1.6904565708496748 0.0 0.0 0.9444444444444444 0.05555555555555555
5 1.2357954934913797 0.0 0.7777777777777778 0.2222222222222222 0.0
6 1.1969282726758976 0.0 0.8333333333333334 0.05555555555555555 0.1111111111111111
7 0.38419546805974836 0.2222222222222222 0.5555555555555556 0.05555555555555555 0.16666666666666666
8 1.0817041659455104 0.6666666666666666 0.0 0.0 0.3333333333333333
9 0.7002632363047476 0.6111111111111112 0.2777777777777778 0.1111111111111111 0.0
10 1.0135732712691576 0.1111111111111111 0.0 0.7777777777777778 0.1111111111111111
11 2.0 0.0 0.0 1.0 0.0
12 2.0 0.0 0.0 1.0 0.0
13 1.4967416652243544 0.0 0.0 0.8888888888888888 0.1111111111111111
14 1.4967416652243544 0.1111111111111111 0.0 0.8888888888888888 0.0
>MA0164.1	Nr2e3
1 0.2864028475556255 0.17391304347826086 0.5217391304347826 0.08695652173913043 0.21739130434782608
2 2.0 1.0 0.0 0.0 0.0
3 2.0 1.0 0.0 0.0 0.0
4 1.7419813313351846 0.0 0.043478260869565216 0.9565217391304348 0.0
5 2.0 0.0 1.0 0.0 0.0
6 2.0 0.0 0.0 0.0 1.0
7 2.0 0.0 0.0 0.0 1.0
>MA0259.1	ARNT::HIF1A
1 0.47368223125959785 0.25961538461538464 0.2692307692307692 0.47115384615384615 0.0
2 0.11354635909042576 0.09615384615384616 0.27884615384615385 0.3269230769230769 0.2980769230769231
3 1.0332458401335873 0.75 0.019230769230769232 0.22115384615384615 0.009615384615384616
4 1.9217675347422876 0.0 0.9903846153846154 0.0 0.009615384615384616
5 2.0 0.0 0.0 1.0 0.0
6 2.0 0.0 0.0 0.0 1.0
7 2.0 0.0 0.0 1.0 0.0
8 0.1975820443433589 0.17307692307692307 0.49038461538461536 0.19230769230769232 0.14423076923076922
>MA0145.2	Tfcp2l1
1 1.5631697414000216 0.0019651191353475803 0.9255711127487104 0.06263817243920412 0.009825595676737903
2 1.0881189174032675 0.06992149165848871 0.8105986261040236 0.005397448478900883 0.11408243375858684
3 0.631242230181071 0.5970112689857913 0.00514453699167075 0.27364037236648703 0.12420382165605096
4 1.756013032495684 0.005878030859662013 0.024001959343619886 0.9671809943668871 0.0029390154298310064
5 0.38389199125552453 0.17389174626500123 0.33798677443056574 0.025226549106049472 0.4628949301983835
6 0.42999161729538904 0.09843290891283056 0.2896669931439765 0.061949069539666994 0.5499510284035259
7 0.10853095380362543 0.1729875214093467 0.398825544409102 0.15072180083190603 0.27746513334964523
8 0.053981020743919084 0.35736983622586166 0.22537276949401125 0.2507944267905158 0.16646296748961134
9 0.5109139336422861 0.6317204301075269 0.06989247311827956 0.1906158357771261 0.10777126099706745
10 0.22848200747215452 0.3941320293398533 0.05183374083129584 0.30880195599022003 0.2452322738386308
11 1.58896710470298 0.0039177277179236044 0.9331537708129285 0.05460333006856023 0.00832517140058766
12 1.1180349530870868 0.06200980392156863 0.8147058823529412 0.0029411764705882353 0.12034313725490196
13 0.5350319833251762 0.5398968819052296 0.007365578197888534 0.3024797446599558 0.1502577952369261
14 1.6780863379977382 0.012054120541205412 0.029028290282902828 0.9547355473554735 0.004182041820418204
>MA0146.2	Zfx
1 0.1913079937160913 0.10482180293501048 0.3731656184486373 0.3752620545073375 0.14675052410901468
2 0.14623103083747013 0.12368972746331237 0.35639412997903563 0.36268343815513626 0.15723270440251572
3 0.20718026715026716 0.1903765690376569 0.3158995815899582 0.41631799163179917 0.07740585774058577
4 0.44639610611069913 0.15031315240083507 0.1022964509394572 0.6200417536534447 0.12734864300626306
5 0.6837617559444062 0.02079002079002079 0.6174636174636174 0.2993762993762994 0.062370062370062374
6 1.0878973340699734 0.012474012474012475 0.7505197505197505 0.004158004158004158 0.23284823284823286
7 0.19482486003432564 0.062370062370062374 0.2577962577962578 0.3804573804573805 0.2993762993762994
8 0.2872432160295495 0.3970893970893971 0.3180873180873181 0.25363825363825365 0.031185031185031187
9 1.817680647800748 0.016632016632016633 0.004158004158004158 0.9771309771309772 0.002079002079002079
10 1.92384323643119 0.0 0.006237006237006237 0.9916839916839917 0.002079002079002079
11 2.0 0.0 1.0 0.0 0.0
12 1.9784800677727625 0.0 0.997920997920998 0.0 0.002079002079002079
13 1.9784800677727625 0.0 0.002079002079002079 0.0 0.997920997920998
14 0.17890248175123924 0.175 0.25416666666666665 0.45416666666666666 0.11666666666666667
>MA0468.1	DUX4
1 0.8084127044046483 0.1909359709030013 0.06528508255488395 0.025616872072637832 0.7181620744694769
2 1.7965698529826786 0.968181699243792 0.0 0.03181830075620797 0.0
3 2.0 1.0 0.0 0.0 0.0
4 0.36428783698918665 0.1367977601590915 0.30549232017165134 0.052385064238427925 0.5053248554308292
5 0.5720238935005564 0.0 0.43116937488552215 0.13033466781798675 0.4384959572964911
6 0.5355895835421136 0.0 0.36504696862652747 0.1603213229714525 0.47463170840202007
7 1.5992679235368572 0.9230970510505796 0.07559463066174739 0.0 0.001308318287673025
8 2.0 1.0 0.0 0.0 0.0
9 2.0 0.0 0.0 0.0 1.0
10 1.8520474913340252 0.0 0.9788314101054505 0.0 0.021168589894549547
11 1.4833348435597895 0.884370829735458 0.0 0.0 0.11562917026454196
>MA0476.1	FOS
1 0.30258702778677593 0.26802966389985033 0.024220982446591374 0.32950061232820793 0.3782487413253504
2 0.2827771948918165 0.2542862974554361 0.34620356511089945 0.3687916723363723 0.030718465097292147
3 2.0 0.0 0.0 0.0 1.0
4 1.6055002133569833 0.0 0.0 0.9221662811266839 0.0778337188733161
5 2.0 1.0 0.0 0.0 0.0
6 0.4522097736690647 0.03395019730575589 0.47894271329432575 0.3812083276636277 0.10589876173629065
